[header]
width=25
height=542
tilewidth=16
tileheight=16

[tilesets]
tileset=C:/Users/vishnulaptop/Desktop/CPSC599Game/Resources/Tilesets/falltileset.gif,16,16,0,0
tileset=C:/Users/vishnulaptop/Desktop/CPSC599Game/Resources/Sprites/Enemies/slugger.gif,32,32,0,0

[layer]
type=Tile Layer 1
data=
21,0,0,0,0,0,0,0,0,0,0,0,0,0,0,0,0,0,0,0,0,0,0,0,21,
21,0,0,0,0,0,0,0,0,0,0,0,0,0,0,0,0,0,0,0,0,0,0,0,21,
21,0,0,0,0,0,0,0,0,0,0,0,0,0,0,0,0,0,0,0,0,0,0,0,21,
21,0,0,0,0,0,0,0,0,0,0,0,0,0,0,0,0,0,0,0,0,0,0,0,21,
21,0,0,0,0,0,0,0,0,0,0,0,0,0,0,0,0,0,0,0,0,0,0,0,21,
21,0,0,0,0,0,0,0,0,0,0,0,0,0,0,0,0,0,0,0,0,0,0,0,21,
21,0,2,0,0,0,0,2,0,0,0,0,0,0,4,0,0,0,0,0,0,3,0,0,21,
21,25,26,25,25,25,26,25,25,23,0,0,0,0,24,23,0,0,0,0,0,24,23,0,21,
21,0,0,0,0,0,0,0,0,0,0,0,0,0,0,0,0,0,0,0,0,0,0,0,21,
21,0,0,0,0,0,0,0,0,0,0,0,4,2,0,3,0,0,0,0,0,0,0,0,21,
21,0,0,0,0,0,0,0,0,0,0,0,24,22,25,26,23,0,0,0,0,0,0,0,21,
21,0,0,0,0,0,0,0,0,0,0,0,0,0,0,0,0,0,0,0,0,0,0,24,21,
21,0,0,0,0,4,2,3,0,3,0,0,0,0,0,0,0,2,0,2,0,3,0,0,21,
21,0,0,0,0,24,22,25,26,23,0,0,0,0,0,0,0,24,22,25,26,23,0,0,21,
21,0,0,0,0,0,0,0,0,0,0,0,0,0,0,0,0,0,0,0,0,0,0,0,21,
21,0,0,0,0,0,0,0,0,0,0,0,0,0,0,0,0,0,0,0,0,0,0,0,21,
21,0,0,0,0,0,0,0,0,0,0,0,0,0,0,0,0,0,0,0,0,0,0,0,21,
21,0,0,0,0,0,0,0,0,0,0,0,0,0,0,3,0,0,0,0,0,0,0,0,21,
21,0,0,0,0,3,0,0,0,0,0,0,0,0,24,23,0,0,0,0,0,0,0,0,21,
21,0,0,0,24,23,0,0,0,0,0,0,0,0,0,0,0,0,0,0,0,0,0,0,21,
21,0,0,0,0,0,0,0,0,0,0,0,0,0,0,0,0,0,0,0,24,23,0,0,21,
21,0,0,0,0,0,0,0,0,0,3,0,0,0,0,0,0,0,0,0,0,0,0,0,21,
21,0,0,0,0,0,0,0,0,24,23,0,0,0,0,0,0,0,0,0,0,0,0,0,21,
21,0,0,0,0,0,0,0,0,0,0,0,0,0,0,0,0,0,0,0,0,0,0,0,21,
21,0,0,0,0,0,0,0,0,0,0,0,0,0,0,0,0,0,0,0,0,0,0,0,21,
21,0,0,0,0,3,4,0,0,0,0,0,0,0,0,0,0,0,0,24,23,0,0,0,21,
21,0,0,0,0,24,23,0,0,0,0,2,0,0,0,0,0,0,0,0,0,0,0,0,21,
21,0,0,0,0,0,0,0,0,0,0,24,23,0,0,0,0,0,0,0,0,0,0,0,21,
21,0,0,0,0,0,0,0,0,0,0,0,0,0,0,3,2,4,0,0,0,0,0,0,21,
21,0,0,0,0,0,0,0,0,0,0,0,0,0,24,22,25,26,23,0,0,0,0,0,21,
21,0,0,0,0,0,0,0,0,0,0,0,0,0,0,0,0,0,0,0,0,0,0,0,21,
21,0,0,0,0,0,0,0,0,0,0,0,0,0,0,0,0,0,0,0,3,4,2,3,21,
21,0,0,0,0,0,0,0,0,0,0,0,0,0,0,0,0,0,0,0,24,22,25,26,21,
21,0,0,0,0,0,0,0,24,23,0,0,0,0,0,0,0,0,0,0,0,0,0,0,21,
21,0,0,3,0,0,0,0,0,0,0,0,0,0,3,4,2,0,3,0,0,0,0,0,21,
21,0,24,23,0,0,0,0,0,0,0,0,0,0,24,22,25,26,23,0,0,0,0,0,21,
21,0,0,0,0,0,0,0,0,0,0,0,0,0,0,0,0,0,0,0,0,0,0,0,21,
21,0,0,0,0,0,0,0,0,3,2,3,0,0,0,0,0,0,0,0,0,0,0,0,21,
21,0,0,0,0,0,0,0,24,22,25,26,23,0,0,0,0,0,0,0,0,0,0,0,21,
21,0,0,0,0,0,0,0,0,0,0,0,0,0,0,0,0,0,0,0,0,4,0,0,21,
21,0,0,0,0,0,0,0,0,0,0,0,0,0,0,0,0,0,0,0,24,23,0,0,21,
21,0,0,2,0,4,0,0,0,0,0,0,0,0,0,0,0,0,0,0,0,0,0,0,21,
21,0,24,22,25,26,23,0,0,0,0,0,0,0,0,0,0,0,0,0,0,0,0,0,21,
21,0,0,0,0,0,0,0,0,0,0,0,0,0,0,0,0,0,0,0,0,0,0,0,21,
21,0,0,0,0,0,0,0,0,0,0,4,0,0,3,0,4,0,0,3,0,0,0,0,21,
21,0,0,0,0,0,0,0,0,24,22,25,26,22,22,26,25,26,22,25,23,0,0,0,21,
21,0,0,0,0,0,0,0,0,0,0,0,0,0,0,0,0,0,0,0,0,0,0,0,21,
21,0,0,0,0,0,0,0,0,0,0,0,0,0,0,0,0,0,0,0,0,0,0,0,21,
21,0,0,24,23,0,0,0,0,0,0,0,0,0,0,0,0,0,0,0,0,0,0,0,21,
21,0,0,0,0,0,0,0,0,0,0,0,0,0,0,0,0,0,0,0,0,0,0,0,21,
21,0,0,0,0,0,0,0,24,23,0,0,0,0,0,0,0,4,0,4,0,0,4,0,21,
21,0,0,0,0,0,0,0,0,0,0,0,0,24,22,25,26,22,22,26,25,26,22,25,21,
21,0,0,0,0,0,0,0,0,0,0,0,0,0,0,0,0,0,0,0,0,0,0,0,21,
21,0,0,0,0,0,0,0,0,0,0,0,0,0,0,0,0,0,0,0,0,0,0,0,21,
21,0,0,0,0,0,0,0,0,0,0,0,0,0,0,0,0,0,0,0,0,0,0,0,21,
21,0,0,0,0,0,0,0,0,0,0,0,0,0,0,0,0,0,0,0,0,0,0,0,21,
21,0,0,0,0,0,0,0,0,0,0,0,0,0,0,0,0,0,0,0,0,0,0,0,21,
21,24,22,25,26,22,22,26,25,26,22,25,23,0,0,0,24,23,0,0,0,24,23,0,21,
21,0,0,0,0,0,0,0,0,0,0,0,0,0,0,0,0,0,0,0,0,0,0,0,21,
21,0,0,0,0,0,0,0,0,0,0,0,0,0,0,0,0,0,0,0,0,0,0,0,21,
21,0,0,0,0,0,0,0,0,0,0,0,0,0,0,0,0,0,0,0,0,0,0,0,21,
21,0,0,0,0,0,0,0,0,0,0,0,0,0,0,0,0,0,0,0,0,0,0,0,21,
21,0,0,0,0,0,0,0,0,0,0,0,0,0,0,0,0,0,0,0,0,0,0,0,21,
21,0,0,0,0,0,0,0,0,0,0,0,0,0,0,0,0,0,0,0,0,0,0,0,21,
21,0,0,0,0,0,0,0,0,0,0,0,0,24,22,25,26,22,22,26,25,26,22,25,21,
21,0,0,0,0,0,0,0,0,0,0,0,0,0,0,0,0,0,0,0,0,0,0,0,21,
21,0,0,0,0,0,0,0,0,24,23,0,0,0,0,0,0,0,0,0,0,0,0,0,21,
21,0,0,0,0,0,0,0,0,0,0,0,0,0,0,0,0,0,0,0,0,0,0,0,21,
21,0,0,0,0,24,23,0,0,0,0,0,0,0,0,0,0,0,0,0,0,0,0,0,21,
21,0,0,0,0,0,0,0,0,0,0,0,0,0,0,0,0,0,0,0,0,0,0,0,21,
21,0,0,0,0,0,0,0,0,0,0,0,0,0,0,0,0,0,0,0,0,0,0,0,21,
21,0,0,0,0,0,0,0,0,0,0,0,0,0,0,0,0,0,0,0,0,0,0,0,21,
21,24,22,25,26,22,22,26,25,26,22,25,23,0,0,0,0,0,0,0,0,0,0,0,21,
21,0,0,0,0,0,0,0,0,0,0,0,0,0,0,24,23,0,0,0,0,0,0,0,21,
21,0,0,0,0,0,0,0,0,0,0,0,0,0,0,0,0,0,24,23,0,0,0,0,21,
21,0,0,0,0,0,0,0,0,0,0,0,0,0,0,0,0,0,0,0,0,24,23,0,21,
21,0,0,0,0,0,0,0,0,0,0,0,0,0,0,0,0,0,0,0,0,0,0,0,21,
21,0,0,0,0,0,0,0,0,0,0,0,0,0,0,0,0,0,0,0,0,0,0,0,21,
21,0,0,0,0,0,0,0,0,0,0,0,0,0,0,0,0,0,0,0,0,0,0,0,21,
21,0,0,0,0,0,0,0,0,0,0,0,0,0,0,0,0,0,0,0,0,0,0,0,21,
21,0,0,0,0,0,0,0,0,0,0,0,0,24,22,25,26,22,22,26,25,26,22,25,21,
21,0,0,0,0,0,0,0,0,0,24,23,0,0,0,0,0,0,0,0,0,0,0,0,21,
21,0,0,0,0,0,0,24,23,0,0,0,0,0,0,0,0,0,0,0,0,0,0,0,21,
21,0,0,0,24,23,0,0,0,0,0,0,0,0,0,0,0,0,0,0,0,0,0,0,21,
21,0,0,0,0,0,0,0,0,0,0,0,0,0,0,0,0,0,0,0,0,0,0,0,21,
21,21,0,0,0,0,21,0,0,0,0,0,0,0,0,0,0,0,0,0,0,0,0,0,21,
21,21,21,21,21,21,21,0,0,0,0,0,0,0,0,0,0,0,0,0,0,0,0,0,21,
21,0,0,0,0,0,0,21,0,0,0,0,0,0,0,0,0,0,0,0,0,0,0,0,21,
21,0,0,0,0,0,0,0,21,0,0,0,0,0,0,0,0,0,0,0,0,0,0,0,21,
21,0,0,0,0,0,0,0,0,21,0,0,0,0,0,0,0,0,0,0,0,0,0,0,21,
21,0,0,0,0,0,0,0,0,21,21,0,0,0,0,0,0,0,0,0,0,0,0,0,21,
21,0,0,0,0,0,0,0,0,21,0,21,0,0,0,0,0,0,0,0,0,0,0,0,21,
21,0,0,0,0,0,21,21,21,21,0,0,21,0,0,0,0,0,0,0,0,0,0,0,21,
21,21,21,21,0,0,21,21,21,21,0,0,0,21,21,21,21,21,21,21,0,0,21,21,21,
21,0,0,0,0,0,21,0,0,21,0,0,0,0,0,0,0,0,21,21,0,0,21,21,21,
21,0,0,0,0,0,21,0,0,21,0,0,0,0,0,0,0,0,0,0,0,0,0,0,21,
21,0,0,0,0,0,21,0,21,21,0,0,0,0,0,0,0,0,0,0,0,0,0,0,21,
21,0,0,0,0,0,21,0,21,21,0,0,0,0,0,0,0,0,0,0,0,0,0,0,21,
21,0,0,21,21,21,21,0,21,21,0,0,0,0,0,0,0,0,0,0,0,0,0,0,21,
21,0,0,0,0,0,21,0,0,0,0,0,0,0,0,0,0,21,0,0,0,21,0,0,21,
21,0,0,0,0,0,21,0,0,0,0,0,0,0,0,0,0,21,21,21,21,21,0,0,21,
21,0,0,0,0,0,21,0,0,0,0,0,0,0,0,0,0,0,0,0,0,0,0,0,21,
21,0,0,0,0,0,0,0,0,0,0,21,0,0,0,21,0,0,0,0,0,0,0,0,21,
21,21,21,21,0,0,0,0,0,0,0,21,21,21,21,21,0,0,0,0,0,0,0,0,21,
21,0,0,0,0,0,0,0,0,0,0,0,0,0,0,0,0,0,0,0,0,0,0,0,21,
21,0,0,0,0,0,0,0,0,0,0,0,0,0,0,0,0,0,0,0,0,0,0,0,21,
21,0,0,0,0,0,21,0,0,0,21,0,0,0,0,0,21,0,0,0,21,0,0,0,21,
21,0,0,0,0,0,21,21,21,21,21,0,0,0,0,0,21,21,21,21,21,0,0,0,21,
21,0,0,0,0,0,0,0,0,0,0,0,0,0,0,0,0,0,0,0,0,0,0,0,21,
21,0,0,0,0,0,0,0,0,0,0,0,0,0,0,0,0,0,0,0,0,0,0,0,21,
21,23,0,0,0,0,0,0,0,0,0,21,0,0,0,21,0,0,0,0,0,0,0,0,21,
21,0,0,0,0,0,0,0,0,0,0,21,21,21,21,21,0,0,0,0,0,0,0,0,21,
21,0,0,0,0,0,0,0,0,0,0,0,0,0,0,0,0,0,0,0,0,0,0,0,21,
21,0,0,0,0,0,0,0,0,0,0,0,0,0,0,0,0,0,0,0,0,0,0,0,21,
21,0,0,0,0,0,0,0,0,0,0,0,0,0,0,0,0,0,0,0,0,0,0,0,21,
21,0,0,0,0,0,21,0,0,0,21,0,0,0,0,0,21,0,0,0,21,0,0,0,21,
21,23,0,0,0,0,21,21,21,21,21,0,0,0,0,0,21,21,21,21,21,0,0,0,21,
21,0,0,0,0,0,0,0,0,0,0,0,0,0,0,0,0,0,0,0,0,0,0,0,21,
21,0,0,0,0,0,0,0,0,0,0,0,0,0,0,0,0,0,0,0,0,0,0,0,21,
21,0,0,0,0,0,0,0,0,0,0,0,0,0,0,0,0,0,0,0,0,0,0,0,21,
21,0,0,0,0,0,0,0,0,0,0,21,0,0,0,21,0,0,0,0,0,0,0,0,21,
21,0,0,0,0,0,0,0,0,0,0,21,21,21,21,21,0,0,0,0,0,0,0,0,21,
21,23,0,0,0,0,0,0,0,0,0,0,0,0,0,0,0,0,0,0,0,0,0,0,21,
21,0,0,0,0,0,0,0,0,0,0,0,0,0,0,0,0,0,0,0,0,0,0,0,21,
21,0,0,0,0,0,0,0,0,0,0,0,0,0,0,0,0,0,0,0,0,0,0,0,21,
21,0,0,0,0,0,21,0,0,0,21,0,0,0,0,0,21,0,0,0,21,0,0,0,21,
21,0,0,0,0,0,21,21,21,21,21,0,0,0,0,0,21,21,21,21,21,0,0,0,21,
21,0,0,0,0,0,0,0,0,0,0,0,0,0,0,0,0,0,0,0,0,0,0,0,21,
21,21,0,0,0,0,0,0,0,0,0,0,0,0,0,0,0,0,0,0,0,0,0,0,21,
21,21,0,0,0,0,0,0,0,0,0,0,0,0,0,0,0,0,0,0,0,0,0,0,21,
21,21,0,0,0,0,0,0,0,0,0,21,0,0,0,21,0,0,0,0,0,0,0,0,21,
21,21,21,0,0,0,0,0,0,0,0,21,21,21,21,21,0,0,0,0,0,0,0,0,21,
21,21,21,0,0,0,0,0,0,0,0,0,0,0,0,0,0,0,0,0,0,0,0,0,21,
21,21,21,21,0,0,0,0,0,0,0,0,0,0,0,0,0,0,0,0,0,0,0,0,21,
21,21,21,21,21,0,21,0,0,0,21,0,0,0,0,0,21,0,0,0,21,0,0,0,21,
21,21,21,21,21,21,21,21,21,21,21,0,0,0,0,0,21,21,21,21,21,0,0,0,21,
21,21,21,21,21,21,0,0,0,0,0,0,0,0,0,0,0,0,0,0,0,0,0,0,21,
21,21,21,21,21,21,21,0,0,0,0,0,0,0,0,0,0,0,0,0,0,0,0,0,21,
21,21,21,21,21,21,21,21,0,0,0,21,0,0,0,21,0,0,0,0,0,0,0,0,21,
21,21,21,21,21,21,21,21,0,0,0,21,21,21,21,21,0,0,0,0,0,0,0,0,21,
21,21,21,21,21,21,21,21,21,0,0,0,0,0,0,0,0,0,0,0,0,0,0,0,21,
21,21,21,21,21,21,21,21,21,0,0,0,0,0,0,0,0,0,0,0,0,0,0,0,21,
21,21,21,21,21,21,21,21,21,0,0,0,0,0,0,0,0,0,0,0,0,0,0,0,21,
21,21,21,21,21,21,21,21,21,21,0,0,0,0,0,0,0,0,0,0,0,0,0,0,21,
21,21,21,21,21,21,21,21,21,21,0,0,21,0,0,0,21,0,0,0,21,0,0,0,21,
21,21,21,21,21,21,21,21,21,21,23,0,21,21,21,21,21,21,21,21,21,21,21,21,21,
21,21,21,21,21,21,21,21,21,21,0,0,0,0,0,0,0,0,0,0,0,0,0,0,21,
21,21,21,21,21,21,21,21,21,21,0,0,0,0,0,0,0,0,0,0,0,0,0,0,21,
21,21,21,21,21,21,21,21,21,21,0,0,0,0,0,0,0,0,0,0,0,0,0,0,21,
21,21,21,21,21,21,21,21,21,21,0,0,0,0,0,0,0,0,0,0,0,0,0,0,21,
21,21,21,21,21,21,21,21,21,21,23,0,0,0,0,0,0,0,0,0,0,0,0,0,21,
21,21,21,21,21,21,21,21,21,21,0,0,0,0,0,0,0,0,0,0,0,0,0,0,21,
21,21,21,21,21,21,21,21,21,21,0,0,0,0,0,0,0,0,0,0,0,0,0,0,21,
21,21,21,21,21,21,21,21,21,21,0,0,0,0,0,0,0,0,0,0,0,0,0,0,21,
21,21,21,21,21,21,21,21,21,21,0,0,0,0,0,0,0,0,0,0,0,0,0,0,21,
21,21,21,21,21,21,21,21,21,21,23,0,0,0,0,0,0,0,0,0,0,0,0,0,21,
21,21,21,21,21,21,21,21,21,21,0,0,0,0,0,0,0,0,0,0,0,0,0,0,21,
21,21,21,21,21,21,21,21,21,0,0,0,0,0,0,0,0,0,0,0,0,0,0,0,21,
21,21,21,21,21,21,21,21,21,0,0,0,0,0,0,0,0,0,0,0,0,0,0,0,21,
21,21,21,21,21,21,21,21,21,0,0,0,0,0,0,0,0,0,0,0,0,0,0,0,21,
21,21,21,21,21,21,21,21,21,0,0,0,0,0,0,0,0,0,0,0,0,0,0,0,21,
21,21,21,21,21,21,21,21,0,0,0,0,0,0,0,0,0,0,0,0,0,0,0,0,21,
21,21,21,21,21,21,21,0,0,0,0,0,0,0,0,0,0,0,0,0,0,0,0,0,21,
21,21,21,21,21,21,0,0,0,0,0,0,0,0,0,0,0,0,0,0,0,0,0,0,21,
21,21,21,21,21,0,0,0,0,0,0,0,21,0,0,0,0,0,0,0,0,0,0,0,21,
21,21,21,21,0,0,0,0,0,0,0,0,21,21,21,21,21,21,21,21,21,21,21,21,21,
21,21,21,21,0,0,0,0,0,0,0,0,0,0,0,0,0,0,0,0,0,0,0,0,21,
21,21,21,0,21,0,0,0,0,0,0,0,0,0,0,0,0,0,0,0,0,0,0,0,21,
21,21,21,0,0,21,0,0,0,0,0,0,0,0,0,0,0,0,0,0,0,0,0,0,21,
21,21,0,0,0,0,21,0,0,0,0,0,0,0,0,0,0,0,0,0,0,0,0,0,21,
21,21,0,0,0,0,0,21,0,0,0,0,0,0,0,0,0,0,0,0,0,0,0,0,21,
21,21,0,0,0,0,0,0,21,0,0,21,0,0,0,0,0,0,0,0,0,0,0,0,21,
21,21,0,0,0,0,0,0,0,21,21,0,0,0,0,0,0,0,0,0,0,0,0,0,21,
21,21,0,0,0,0,0,0,0,0,0,21,0,0,0,0,0,0,0,0,0,0,0,0,21,
21,0,0,0,0,0,0,0,0,0,0,0,21,0,0,0,0,0,0,0,0,0,0,0,21,
21,0,0,0,0,0,0,0,0,0,0,0,0,21,0,0,0,0,0,0,0,0,0,0,21,
21,0,0,0,0,0,0,0,0,0,0,0,0,0,21,0,0,21,0,0,0,0,0,0,21,
21,0,0,24,23,0,0,0,0,0,0,0,0,0,0,21,21,0,0,0,0,0,0,0,21,
21,0,0,0,0,0,0,0,0,0,0,0,0,0,0,0,0,0,0,0,0,0,0,0,21,
21,0,0,0,0,0,0,0,0,0,0,0,0,0,0,0,0,0,0,0,21,21,21,21,21,
21,0,0,0,0,0,0,0,0,0,0,0,0,0,0,0,0,0,0,21,0,0,0,0,21,
21,0,0,0,0,0,0,0,24,23,0,0,0,0,0,0,0,0,21,0,0,0,0,0,21,
21,0,0,0,0,0,0,0,0,0,0,0,0,0,0,0,0,21,0,0,0,0,0,0,21,
21,0,0,0,0,0,0,0,0,0,0,0,0,0,0,0,21,0,0,0,0,0,0,0,21,
21,0,0,0,0,0,0,0,0,0,0,0,21,0,0,21,0,0,0,0,0,0,0,0,21,
21,0,0,24,23,0,0,0,0,0,0,0,0,21,21,0,0,0,0,0,0,0,0,0,21,
21,0,0,0,0,0,0,0,0,0,0,0,21,0,0,0,0,0,0,0,0,0,0,0,21,
21,0,0,0,0,0,0,0,0,0,0,21,0,0,0,0,0,0,0,0,0,0,0,0,21,
21,0,0,0,0,0,0,0,0,0,21,0,0,0,0,0,0,0,0,24,23,0,0,0,21,
21,0,0,0,0,0,0,0,0,21,0,0,0,0,0,0,0,0,0,0,0,0,0,0,21,
21,0,0,0,0,21,0,0,21,0,0,0,0,0,0,0,0,0,0,0,0,0,0,0,21,
21,0,0,0,0,0,21,21,0,0,0,0,0,0,0,0,0,0,0,0,0,0,0,0,21,
21,0,0,0,0,0,0,0,0,0,0,0,0,0,0,0,0,0,0,0,0,0,0,0,21,
21,0,0,0,0,0,0,0,0,0,0,0,0,0,0,24,23,0,0,0,0,0,0,0,21,
21,0,0,0,0,0,0,0,0,0,0,0,0,0,0,0,0,0,0,0,0,0,0,0,21,
21,0,0,0,0,0,0,0,0,0,0,0,0,0,0,0,0,0,0,0,0,0,0,0,21,
21,21,21,21,21,21,0,0,0,0,0,0,0,0,0,0,0,0,0,0,0,0,0,0,21,
21,0,0,0,0,0,21,0,0,0,0,24,23,0,0,0,0,0,0,24,23,0,0,0,21,
21,0,0,0,0,0,0,21,0,0,0,0,0,0,0,0,0,0,0,0,0,0,0,0,21,
21,0,0,0,0,0,0,0,21,0,0,0,0,0,0,0,0,0,0,0,0,0,0,0,21,
21,23,0,0,0,0,0,0,0,21,0,0,0,0,0,0,0,0,0,0,0,0,0,0,21,
21,0,0,0,0,0,0,0,0,0,21,0,0,21,0,0,0,0,0,0,0,0,0,0,21,
21,0,0,0,0,0,0,0,0,0,0,21,21,0,0,0,0,0,0,0,0,0,0,0,21,
21,0,0,0,0,0,0,0,0,0,0,0,0,21,0,0,0,0,0,0,0,0,0,0,21,
21,23,0,0,0,0,0,0,0,0,0,0,0,0,21,0,0,0,0,0,0,0,0,0,21,
21,0,0,0,0,0,0,0,0,0,0,0,0,0,0,21,0,0,0,0,0,0,0,21,21,
21,0,0,0,0,0,0,0,0,0,0,0,0,0,0,0,21,0,0,21,0,0,0,21,21,
21,0,0,0,0,0,0,0,0,0,0,0,0,0,0,0,0,21,21,0,0,0,0,21,21,
21,23,0,0,0,0,0,0,0,0,0,0,0,0,0,0,0,0,0,0,0,0,21,21,21,
21,0,0,0,0,0,0,0,0,0,0,0,0,0,0,0,0,0,0,0,0,0,21,21,21,
21,0,0,0,0,0,0,0,0,0,0,0,0,0,0,0,0,0,0,0,0,21,21,21,21,
21,0,0,0,0,0,0,0,0,0,0,0,0,0,0,0,0,0,0,0,21,21,0,0,21,
21,23,0,0,0,0,0,0,0,0,0,0,0,0,0,0,0,0,0,21,21,21,21,0,21,
21,0,0,0,0,0,0,0,0,0,0,0,0,0,0,0,0,0,21,21,0,0,0,0,21,
21,0,0,0,0,0,0,0,0,0,0,0,0,0,0,0,0,21,21,0,0,21,21,21,21,
21,0,0,0,0,0,0,0,0,0,0,0,0,0,0,0,21,21,0,0,0,0,0,0,21,
21,23,0,0,0,0,0,0,0,0,0,0,0,0,0,21,21,21,21,21,21,21,21,0,21,
21,0,0,0,0,0,0,0,0,0,0,0,0,0,21,21,0,0,0,0,0,0,0,0,21,
21,0,0,0,0,0,0,0,0,0,0,0,0,21,21,21,0,21,21,21,21,21,21,21,21,
21,0,0,0,0,0,0,0,0,0,0,0,21,21,21,0,0,0,0,0,0,0,0,0,21,
21,23,0,0,0,0,0,0,0,0,0,21,21,21,0,0,0,0,0,0,0,0,0,0,21,
21,0,0,0,0,0,0,0,0,0,21,21,21,21,21,21,21,21,21,21,21,21,21,0,21,
21,0,0,0,0,0,0,0,0,0,21,21,21,0,0,0,0,0,0,0,0,0,0,0,21,
21,0,0,0,0,0,0,0,0,21,21,21,21,0,0,0,0,0,0,0,0,0,0,0,21,
21,0,0,0,0,0,0,0,0,21,21,21,0,0,0,21,21,21,21,21,21,21,21,21,21,
21,0,21,0,0,0,0,0,21,21,21,21,0,0,0,0,0,0,0,0,0,0,0,0,21,
21,0,0,0,0,0,0,0,21,21,21,21,0,0,0,0,0,0,0,0,0,0,0,0,21,
21,0,0,0,0,0,0,21,21,21,21,21,21,21,21,21,21,21,21,21,21,21,21,0,21,
21,0,0,0,21,0,0,0,0,0,0,0,0,0,0,0,0,0,0,0,0,0,0,0,21,
21,0,0,0,0,0,0,0,21,0,0,0,0,0,0,0,21,0,0,0,0,0,0,0,21,
21,0,0,0,0,0,0,0,21,21,21,21,21,21,0,0,21,21,21,21,21,21,21,21,21,
21,0,21,0,0,0,0,21,21,21,21,21,21,21,0,0,21,21,21,21,21,21,21,21,21,
21,0,0,0,0,0,0,0,21,21,21,21,21,21,0,0,21,21,21,21,21,21,21,21,21,
21,0,0,0,0,0,0,0,21,21,21,21,21,21,0,0,21,21,21,21,21,21,21,21,21,
21,0,0,0,21,0,0,0,21,21,21,21,21,21,0,0,21,21,21,21,21,21,21,21,21,
21,0,0,0,0,0,0,21,21,21,21,21,21,21,0,0,21,21,21,21,21,21,21,21,21,
21,0,0,0,0,0,0,0,21,21,21,21,21,21,0,0,21,21,21,21,21,21,21,21,21,
21,0,0,0,0,0,0,0,21,21,21,21,21,21,0,0,21,21,21,21,21,21,21,21,21,
21,0,21,0,0,0,0,0,0,21,21,21,21,21,0,0,21,21,21,21,21,21,21,21,21,
21,0,0,0,0,0,0,0,0,21,21,21,21,21,0,0,21,21,21,21,21,21,21,21,21,
21,0,0,0,0,0,0,0,0,0,21,21,21,21,0,0,0,21,21,21,21,21,21,21,21,
21,0,0,0,0,0,0,0,0,0,0,21,21,21,21,21,0,0,21,21,21,21,21,21,21,
21,0,0,0,21,0,0,0,0,0,0,0,21,21,21,21,21,0,0,21,21,21,21,21,21,
21,0,0,0,0,0,0,0,0,0,0,0,21,21,21,21,21,21,0,0,21,21,21,21,21,
21,0,0,0,0,0,0,0,0,0,0,0,0,21,21,21,21,21,21,0,0,21,21,21,21,
21,0,0,0,0,0,0,0,0,0,0,0,0,0,21,21,21,21,21,21,0,0,21,21,21,
21,0,21,0,0,0,0,0,0,0,0,0,0,0,0,21,21,21,21,21,21,0,0,21,21,
21,0,0,0,0,0,0,0,0,0,0,0,0,0,0,0,21,21,21,21,21,0,0,0,21,
21,0,0,0,0,0,0,0,0,0,0,0,0,0,0,0,0,21,21,21,21,0,0,0,21,
21,0,0,0,0,0,0,0,0,0,0,0,0,0,0,0,0,0,21,21,21,0,0,0,21,
21,0,0,0,21,21,21,21,21,21,21,21,21,21,21,21,21,21,21,21,21,21,21,21,21,
21,0,0,0,0,0,0,0,0,0,0,0,0,0,0,0,0,0,0,0,21,21,21,21,21,
21,0,0,0,0,0,0,0,0,0,0,0,0,0,0,0,0,0,0,0,0,21,21,21,21,
21,0,0,0,0,0,0,0,0,0,0,0,0,0,0,0,0,0,0,0,0,0,21,21,21,
21,0,0,0,0,0,0,0,0,0,0,0,0,0,0,0,0,0,0,0,0,0,21,21,21,
21,0,0,0,0,0,0,0,0,0,0,0,0,0,0,0,0,0,0,0,0,0,0,21,21,
21,0,0,0,0,0,0,0,0,0,0,0,0,0,0,0,0,0,0,0,0,0,0,21,21,
21,0,0,0,0,0,0,0,0,0,0,0,0,0,0,0,0,0,0,0,0,0,0,0,21,
21,0,0,0,21,21,0,0,0,0,0,0,0,0,0,0,0,0,0,0,0,0,0,0,21,
21,0,0,0,0,0,0,0,0,0,0,0,0,0,0,0,0,0,0,0,0,0,0,0,21,
21,21,0,0,0,0,0,0,21,0,0,0,0,0,0,0,0,0,0,0,0,0,0,0,21,
21,21,0,0,0,0,0,0,21,0,0,0,0,0,0,0,0,0,0,0,0,0,0,0,21,
21,21,21,21,21,21,21,21,21,0,0,0,0,0,0,0,0,0,0,0,0,0,0,0,21,
21,0,0,0,0,0,0,0,0,0,0,0,0,0,0,0,0,0,0,0,0,0,0,0,21,
21,0,0,0,0,0,0,0,0,0,0,0,0,0,0,0,0,0,0,0,0,0,0,0,21,
21,0,0,0,0,0,0,0,0,0,0,0,0,0,0,0,0,0,0,0,0,0,0,0,21,
21,0,0,0,0,0,0,0,0,0,0,0,0,0,0,0,0,0,0,0,0,0,0,0,21,
21,0,0,0,0,0,0,0,0,0,0,0,0,0,0,0,0,0,0,0,0,0,0,0,21,
21,0,0,0,0,0,0,0,0,0,0,0,0,0,0,0,0,0,0,0,0,0,0,0,21,
21,0,0,0,0,0,0,0,0,0,0,0,0,0,0,0,0,0,0,0,0,0,0,0,21,
21,0,0,0,0,0,0,0,0,0,0,0,0,0,0,0,0,0,0,0,0,0,0,0,21,
21,0,0,0,0,0,0,0,0,0,0,0,0,0,0,0,0,0,0,0,0,0,0,0,21,
21,0,0,0,0,0,0,0,0,0,0,0,0,0,0,0,0,0,0,0,0,0,0,0,21,
21,0,0,0,0,0,0,0,0,0,0,0,0,0,0,0,0,0,0,0,0,0,0,0,21,
21,0,0,0,0,0,0,0,0,0,0,0,0,0,0,0,0,0,0,0,0,0,0,0,21,
21,21,0,0,0,0,0,0,0,0,0,0,0,0,0,0,0,0,0,0,0,0,0,0,21,
21,21,0,0,0,0,0,0,0,0,0,0,0,0,0,0,0,0,0,0,0,0,0,0,21,
21,21,0,0,0,0,0,0,0,0,0,0,0,0,0,0,0,0,0,0,0,0,0,0,21,
21,21,21,0,0,0,0,0,0,0,0,0,0,0,0,0,0,0,0,0,0,0,0,0,21,
21,21,21,0,0,0,0,0,0,0,0,0,0,0,0,0,0,0,0,0,0,0,0,0,21,
21,21,21,21,0,0,0,0,0,0,0,0,0,0,0,0,0,0,0,0,0,0,0,0,21,
21,21,21,21,0,0,0,0,0,0,0,0,0,0,0,0,0,0,0,0,0,0,0,0,21,
21,21,21,21,0,0,0,0,0,0,0,0,0,0,0,0,0,0,0,0,0,0,0,0,21,
21,21,21,21,0,0,21,0,0,0,0,0,0,0,0,0,0,0,0,0,0,0,0,0,21,
21,21,21,21,0,0,21,21,21,0,0,0,0,0,0,0,0,0,0,0,0,0,0,0,21,
21,21,21,21,0,0,21,21,21,21,0,0,0,0,0,0,0,0,0,0,0,0,0,0,21,
21,21,21,21,0,0,21,21,21,21,21,21,0,0,0,0,0,0,0,0,0,0,0,0,21,
21,21,21,21,23,0,21,21,21,21,21,21,21,21,0,0,0,0,0,0,0,0,0,0,21,
21,21,21,21,0,0,21,21,21,21,21,21,21,21,21,21,0,0,0,0,0,0,0,0,21,
21,21,21,21,0,0,21,21,21,21,21,21,21,21,21,21,21,0,0,0,0,0,0,0,21,
21,21,21,21,0,0,21,21,21,21,21,21,21,21,21,21,21,21,21,0,0,0,0,0,21,
21,21,21,21,0,0,21,21,21,21,21,21,21,21,21,21,21,21,21,21,0,0,0,0,21,
21,21,21,21,0,0,21,21,21,21,21,21,21,21,21,21,21,21,21,21,21,0,0,0,21,
21,21,21,21,0,0,21,21,21,21,21,21,21,21,21,21,21,21,21,21,21,0,0,0,21,
21,21,21,21,23,0,21,21,21,21,21,21,21,21,21,21,21,21,21,21,21,21,0,0,21,
21,21,21,21,0,0,21,21,21,21,21,21,21,21,21,21,21,21,21,21,21,21,0,0,21,
21,21,21,21,0,0,21,21,21,21,21,21,21,21,21,21,21,21,21,21,21,21,0,0,21,
21,21,21,21,0,0,21,21,21,21,21,21,21,21,21,21,21,21,21,21,21,21,0,0,21,
21,21,21,21,0,0,21,21,21,21,21,21,21,21,21,21,21,21,21,21,21,21,0,0,21,
21,21,21,21,0,0,21,21,21,21,21,21,21,21,21,21,21,21,21,21,21,0,0,0,21,
21,21,21,21,0,0,21,21,21,21,21,21,21,21,21,21,21,21,21,21,21,0,0,0,21,
21,21,21,21,0,0,21,21,21,21,21,21,21,21,21,21,21,21,21,21,0,0,0,0,21,
21,21,21,21,23,0,21,21,21,21,21,21,21,21,21,21,21,21,21,0,0,0,0,0,21,
21,21,21,21,0,0,21,21,21,21,21,21,21,21,21,21,21,21,0,0,0,0,0,0,21,
21,21,21,21,0,0,21,21,21,21,21,21,21,21,21,21,21,0,0,0,0,0,0,0,21,
21,21,21,21,0,0,21,21,21,21,21,21,21,21,21,0,0,0,0,0,0,0,0,0,21,
21,21,21,21,0,0,21,21,21,21,21,21,21,0,0,0,0,0,0,0,0,0,0,0,21,
21,21,21,21,0,0,21,21,21,21,21,21,0,0,0,0,0,0,0,0,0,0,0,0,21,
21,21,21,21,0,0,21,21,21,21,0,0,0,0,0,0,0,0,0,0,0,0,0,0,21,
21,21,21,21,23,0,21,21,0,0,0,0,0,0,0,0,0,0,0,0,0,0,0,0,21,
21,21,21,21,0,0,21,0,0,0,0,0,0,0,0,0,0,0,0,0,0,0,0,0,21,
21,21,21,21,0,0,0,0,0,0,0,0,0,0,0,0,0,0,0,0,0,0,0,0,21,
21,21,21,21,0,0,0,0,0,0,0,0,0,21,0,0,0,0,0,0,0,0,0,0,21,
21,21,21,21,0,0,0,0,0,0,0,0,0,21,21,21,21,21,21,21,21,21,21,21,21,
21,21,21,21,0,0,0,0,0,0,0,0,0,21,21,21,21,21,21,21,21,21,21,21,21,
21,21,21,0,0,0,0,0,0,0,0,0,0,21,21,21,21,21,21,21,21,21,21,21,21,
21,21,21,0,0,0,21,0,0,0,0,0,0,21,21,21,21,21,21,21,21,21,21,21,21,
21,21,21,0,0,0,0,0,0,0,0,0,0,21,21,21,21,21,21,21,21,21,21,21,21,
21,21,0,0,0,0,0,0,0,0,0,0,0,0,0,0,0,0,0,0,0,0,0,0,21,
21,21,0,0,0,0,0,0,0,21,0,0,0,0,0,0,0,0,0,0,0,0,0,0,21,
21,21,0,0,0,0,0,0,0,0,0,0,0,0,0,0,0,0,0,0,0,0,0,0,21,
21,21,0,0,0,0,0,0,0,0,0,0,0,0,0,0,0,0,0,0,0,0,0,0,21,
21,21,0,0,0,0,0,0,0,0,0,0,21,0,0,0,0,0,0,0,0,0,0,0,21,
21,21,21,21,21,21,21,21,21,21,21,21,21,0,0,0,0,0,0,0,0,0,0,0,21,
21,0,0,0,0,0,0,0,0,0,0,0,0,0,0,0,0,0,0,0,0,0,0,0,21,
21,0,0,0,0,0,0,0,0,0,0,0,0,0,0,0,0,0,0,0,0,0,0,0,21,
21,0,0,0,0,0,0,0,0,0,0,0,0,0,0,0,0,0,0,0,0,0,0,0,21,
21,0,0,0,0,0,0,0,0,0,0,0,0,0,0,0,0,0,0,0,0,0,0,0,21,
21,0,0,0,0,0,0,0,0,0,0,0,0,0,0,24,25,25,25,23,0,0,0,0,21,
21,0,0,0,0,0,0,0,0,0,0,0,0,0,0,0,0,0,0,0,0,0,0,0,21,
21,0,0,0,0,0,0,0,0,0,0,0,0,0,0,0,0,0,0,0,0,0,0,0,21,
21,0,0,0,0,0,0,0,0,24,25,25,25,23,0,0,0,0,0,0,0,0,0,0,21,
21,0,0,0,0,0,0,0,0,0,0,0,0,0,0,0,0,0,0,0,0,0,0,0,21,
21,0,0,0,0,0,0,0,0,0,0,0,0,0,0,0,0,0,0,0,0,0,0,0,21,
21,0,0,24,25,25,25,23,0,0,0,0,0,0,0,0,0,0,0,0,0,0,0,0,21,
21,0,0,0,0,0,0,0,0,0,0,0,0,0,0,0,0,0,0,0,0,0,0,0,21,
21,0,0,0,0,0,0,0,0,0,0,0,0,0,0,0,0,0,0,0,0,0,0,0,21,
21,0,0,0,0,0,0,0,0,0,0,0,0,0,0,0,0,0,0,0,0,0,0,0,21,
21,0,0,0,0,0,0,0,0,0,0,0,0,0,0,0,0,0,0,0,0,0,0,0,21,
21,0,0,0,0,0,0,0,0,0,0,0,0,0,0,0,0,0,0,0,0,0,0,0,21,
21,0,0,0,0,0,0,0,0,0,0,0,0,0,0,0,0,0,0,0,0,0,0,0,21,
21,0,0,0,0,0,0,0,0,24,25,25,25,23,0,0,0,21,0,0,0,0,0,0,21,
21,0,0,0,0,0,0,21,0,0,0,0,0,0,0,0,21,0,0,0,0,0,0,0,21,
21,0,0,0,0,0,0,0,21,0,0,0,0,0,0,21,21,0,0,0,0,0,0,0,21,
21,0,0,0,0,0,0,0,21,0,0,0,0,0,0,21,21,21,0,0,0,0,0,0,21,
21,0,0,0,0,0,21,21,21,0,0,0,0,0,0,21,21,21,0,0,0,0,0,0,21,
21,0,0,0,0,0,21,21,21,0,0,0,0,0,0,21,21,21,21,0,0,0,0,0,21,
21,0,0,0,0,21,21,21,0,0,0,0,0,0,0,0,21,21,21,21,0,0,0,0,21,
21,0,0,0,0,21,21,21,0,0,0,0,0,0,0,0,0,21,21,21,21,0,0,0,21,
21,0,0,0,21,21,21,0,0,0,0,0,0,0,0,0,0,21,21,21,21,21,0,0,21,
21,0,0,0,21,21,21,0,0,0,0,0,0,0,0,0,0,21,21,21,21,21,21,0,21,
21,0,0,21,21,21,21,21,0,0,0,0,0,0,0,0,0,0,21,21,21,21,21,0,21,
21,0,0,21,21,21,21,21,0,0,0,0,0,0,0,0,0,0,21,21,21,21,21,0,21,
21,0,0,21,21,21,21,21,0,0,0,0,0,0,0,0,0,0,21,21,21,21,21,0,21,
21,0,0,21,21,21,21,21,21,0,24,25,25,25,23,0,0,0,21,21,21,21,21,0,21,
21,0,0,21,21,21,21,21,21,21,0,0,0,0,0,0,0,21,21,21,21,21,0,0,21,
21,0,0,0,21,21,21,21,21,21,21,21,21,21,21,21,21,21,21,21,21,21,0,0,21,
21,0,0,0,21,21,21,0,0,0,0,0,0,0,0,0,0,0,0,21,21,21,0,0,21,
21,0,0,0,21,21,0,0,0,0,0,0,0,0,0,0,0,0,0,0,21,21,0,0,21,
21,0,0,0,21,0,0,0,0,0,0,0,0,0,0,0,0,0,0,0,0,21,21,0,21,
21,0,0,21,0,0,0,0,0,0,0,0,0,0,0,0,0,0,0,0,0,21,0,0,21,
21,0,0,21,0,0,0,0,0,0,0,0,0,0,0,0,0,0,0,0,0,21,0,0,21,
21,0,0,21,0,0,0,21,21,21,21,0,0,0,0,21,21,21,21,0,0,21,0,0,21,
21,0,0,21,0,0,0,0,0,0,0,0,0,0,0,0,0,0,0,0,0,21,0,0,21,
21,0,0,21,0,0,0,0,0,0,0,0,0,0,0,0,0,0,0,0,0,21,0,0,21,
21,0,0,21,0,0,0,0,0,0,0,0,0,0,0,0,0,0,0,0,0,21,23,0,21,
21,0,0,21,0,0,0,0,0,0,0,0,21,21,23,0,0,0,0,0,0,21,0,0,21,
21,0,0,21,0,0,0,0,0,0,0,0,21,21,0,0,0,0,0,0,0,21,0,0,21,
21,0,0,21,0,0,0,0,0,0,0,0,21,21,0,0,0,0,0,0,0,21,0,0,21,
21,0,0,21,0,0,0,0,0,0,0,24,21,21,0,0,0,0,0,0,0,21,0,0,21,
21,0,0,21,0,0,0,0,0,0,0,0,21,21,0,0,0,0,0,0,0,21,23,0,21,
21,0,0,21,0,0,0,0,0,0,0,0,21,21,0,0,0,0,0,0,0,21,0,0,21,
21,0,0,21,0,0,0,0,0,0,0,0,21,21,23,0,0,0,0,0,0,21,0,0,21,
21,0,0,21,0,0,0,0,0,0,0,0,21,21,0,0,0,0,0,0,0,21,0,0,21,
21,0,0,21,0,0,0,0,0,0,0,0,0,0,0,0,0,0,0,0,0,21,0,0,21,
21,0,0,21,0,0,0,0,21,0,0,0,0,0,0,0,0,21,0,0,0,21,23,0,21,
21,0,0,0,21,0,0,0,0,21,0,0,0,0,0,0,21,0,0,0,0,21,0,0,21,
21,0,0,0,0,21,0,0,0,0,21,21,21,21,21,21,0,0,0,0,0,21,0,0,21,
21,0,0,0,0,0,21,0,0,0,0,0,0,0,0,0,0,0,0,0,21,0,0,0,21,
21,0,0,0,0,0,0,21,0,0,0,0,0,0,0,0,0,0,0,21,0,0,0,0,21,
21,0,0,0,0,0,0,0,21,0,0,0,0,0,0,0,0,0,21,0,0,0,0,29,21,
21,0,0,0,0,0,0,0,0,21,0,0,0,0,0,0,0,21,0,0,0,0,0,29,21,
21,0,0,0,0,0,0,0,0,0,21,0,0,0,0,0,21,0,0,0,0,29,0,29,21,
21,0,0,0,0,0,0,0,0,0,0,21,0,0,0,21,0,0,0,0,0,29,0,29,21,
21,0,0,0,0,0,0,0,0,0,0,0,0,0,0,0,0,0,0,0,0,29,29,29,21,
21,0,0,0,0,0,0,0,0,0,0,0,0,0,0,0,0,0,0,0,0,0,0,21,21,
21,0,0,0,0,0,0,0,0,21,21,21,0,0,0,21,21,0,0,0,0,0,0,21,21,
21,0,0,0,0,0,0,0,21,21,21,0,0,0,0,0,0,21,0,0,0,0,0,21,21,
21,0,0,0,0,0,0,21,21,21,0,0,0,0,0,0,0,21,21,0,0,0,0,21,21,
21,0,0,0,0,0,21,21,21,0,0,0,0,0,0,0,0,21,21,21,0,0,0,21,21,
21,0,0,0,0,21,21,21,21,0,0,0,0,0,0,0,0,21,0,21,21,0,21,21,21,
21,0,0,0,21,21,21,21,0,0,0,0,0,0,0,0,0,21,0,21,21,21,21,21,21,
21,0,0,0,21,21,21,0,0,0,0,0,0,0,0,0,0,21,0,0,0,21,21,21,21,
21,0,0,0,21,21,21,0,0,0,0,0,0,0,0,0,0,21,0,0,0,0,21,21,21,
21,0,0,0,0,21,21,21,0,0,0,0,0,0,0,0,0,21,0,0,0,0,0,0,21,
21,0,0,0,0,21,21,21,0,0,0,0,0,0,0,0,0,21,0,0,0,0,0,0,21,
21,0,0,0,0,0,21,21,21,0,0,0,0,0,0,0,0,21,0,0,0,0,0,0,21,
21,0,0,0,0,0,0,21,21,21,0,0,0,0,0,0,0,0,0,0,0,0,0,0,21,
21,0,0,0,0,0,0,0,21,21,21,0,0,0,0,0,0,0,0,0,0,0,0,0,21,
21,0,0,0,0,0,0,0,0,21,21,21,21,21,21,21,21,21,0,0,0,0,0,0,21,
21,0,0,0,0,0,0,0,0,0,21,21,21,21,21,21,21,21,0,0,0,0,0,0,21,
21,0,0,0,0,0,0,0,0,0,0,21,0,0,21,0,21,0,0,0,0,0,0,0,21,
21,0,0,0,0,0,0,0,0,0,0,21,0,0,21,0,21,0,0,0,0,0,0,0,21,
21,0,0,0,0,0,0,0,0,0,0,21,0,0,21,0,21,0,0,0,0,0,0,0,21,
21,0,0,0,0,0,0,0,0,0,0,21,0,0,21,0,21,0,0,0,0,0,0,0,21,
21,0,0,0,0,0,0,0,0,0,0,21,0,0,21,0,21,0,0,0,0,0,0,0,21,
21,0,0,0,0,0,0,0,0,0,0,21,0,0,21,0,21,0,0,0,0,0,0,0,21,
21,0,0,0,0,0,0,0,0,0,0,21,21,21,21,21,21,0,0,0,0,0,0,0,21,
21,0,0,0,0,0,0,0,0,0,0,21,21,21,21,21,21,0,0,0,0,0,0,0,21,
21,21,0,0,0,0,0,0,0,0,0,21,21,21,21,21,21,0,0,0,0,0,0,0,21,
21,21,0,0,0,0,0,0,0,0,0,21,21,21,21,21,21,0,0,0,0,0,0,0,21,
21,21,0,0,0,0,0,21,21,21,21,21,21,21,21,21,21,21,21,21,0,0,0,0,21,
21,21,0,0,0,0,21,21,21,21,21,21,21,21,21,21,21,21,21,21,21,0,0,0,21,
21,21,0,0,0,0,0,0,0,0,0,0,0,0,0,0,0,0,0,0,0,0,0,0,21,
21,21,0,0,0,0,0,0,0,0,0,0,0,0,0,0,0,0,0,0,0,0,0,0,21,
21,21,21,0,0,0,0,0,0,0,0,0,0,0,0,0,0,0,0,0,0,0,0,0,21,
21,21,21,0,0,0,0,0,0,0,0,0,0,0,0,0,0,0,0,0,0,0,0,0,21,
21,21,21,0,0,0,0,0,0,0,0,0,0,0,0,0,0,0,0,0,0,0,0,0,21,
21,21,21,0,0,0,0,0,0,0,0,0,0,0,0,0,0,0,0,0,0,0,0,0,21,
21,21,21,21,0,0,0,0,0,0,0,0,0,0,0,0,0,0,0,0,0,0,0,0,21,
21,21,21,21,0,0,0,0,0,0,0,0,0,0,0,0,0,0,0,0,0,0,0,0,21,
21,21,21,21,21,0,0,0,0,0,0,0,0,0,0,0,0,0,0,0,0,0,0,21,21,
21,21,21,21,21,21,0,0,0,0,0,0,0,0,0,0,0,0,0,0,0,0,0,21,21,
21,21,21,21,21,21,21,0,0,0,0,0,0,0,0,0,0,0,0,0,0,0,0,21,21,
21,21,21,21,21,21,21,21,0,0,0,0,0,0,0,0,0,0,0,0,0,0,21,21,21,
21,21,21,21,21,21,21,21,21,0,0,0,0,0,0,0,0,0,0,0,0,0,21,21,21,
21,21,0,0,0,0,21,21,21,21,0,0,0,0,0,0,0,0,0,0,0,21,21,21,21,
21,21,0,0,0,0,0,0,21,21,21,0,0,0,0,0,0,0,0,0,21,21,21,21,21,
21,0,0,0,0,0,0,0,0,21,21,0,0,0,0,0,0,0,0,21,21,21,21,21,21,
21,0,0,0,0,0,0,0,0,0,0,0,0,0,0,0,0,21,21,21,21,21,21,21,21,
21,0,0,0,0,0,0,0,0,0,0,0,0,0,0,0,21,21,21,21,21,21,21,21,21,
21,0,0,0,0,0,0,0,0,0,0,0,0,0,0,0,21,21,21,21,21,21,21,21,21,
21,0,0,0,0,0,0,21,21,21,21,21,21,21,21,21,21,21,21,21,21,21,21,21,21,
21,0,0,0,0,0,21,21,21,21,21,21,21,21,21,21,21,21,21,21,21,21,21,21,21,
21,0,0,0,0,21,21,21,21,21,21,21,21,21,21,21,21,21,21,21,21,21,21,21,21,
21,0,0,0,0,21,21,0,0,0,21,21,21,21,21,21,21,21,21,21,21,21,21,21,21,
21,0,0,0,0,21,0,0,0,21,21,21,21,21,21,21,21,21,21,21,21,21,21,21,21,
21,0,0,0,0,0,0,0,0,21,21,21,21,21,21,21,21,21,21,21,21,21,21,21,21,
21,0,0,0,0,0,0,21,21,21,21,21,21,21,21,21,0,21,21,21,21,21,21,21,21,
21,0,0,0,0,0,0,21,21,0,0,21,21,21,21,0,21,21,21,21,21,21,21,0,21,
21,23,0,0,0,0,21,21,0,0,21,21,21,21,0,21,21,21,21,21,21,21,0,0,21,
21,0,0,0,0,0,21,21,0,21,21,21,21,0,0,21,21,21,21,21,21,21,0,0,21,
21,0,0,0,0,21,21,21,21,21,21,21,0,0,21,21,21,21,21,21,21,0,0,0,21,
21,0,0,0,0,21,21,21,21,21,21,21,0,0,21,21,21,21,21,21,0,0,0,0,21,
21,0,0,0,0,21,21,21,21,21,21,0,0,21,21,21,21,21,21,21,0,0,0,0,21,
21,0,0,0,0,21,21,21,21,21,21,0,0,21,21,21,21,21,21,0,0,0,0,0,21,
21,0,0,0,0,21,21,21,21,21,0,0,0,21,21,21,21,21,21,0,0,0,0,0,21,
21,23,0,0,0,21,21,21,21,0,0,0,21,21,21,21,21,21,0,0,0,0,0,0,21,
21,0,0,0,0,21,21,0,0,0,0,21,21,21,21,21,21,21,0,0,0,0,0,0,21,
21,0,0,0,0,0,21,0,0,0,0,21,21,21,21,21,21,0,0,0,0,0,0,0,21,
21,0,0,0,0,0,0,21,0,0,21,21,21,21,21,21,0,0,0,0,0,0,0,0,21,
21,0,0,0,0,0,0,0,0,21,21,21,21,21,0,0,0,0,0,0,0,0,0,0,21,
21,0,0,0,0,0,0,0,0,0,0,0,0,0,0,0,0,0,0,0,0,0,0,0,21,
21,0,0,0,0,0,21,0,21,0,0,0,0,0,0,0,0,0,0,0,0,0,0,21,21,
21,23,0,0,0,0,0,21,0,0,0,0,0,0,0,0,0,0,0,0,0,0,0,21,21,
21,0,0,0,0,0,0,0,0,0,0,0,0,0,0,0,0,0,0,0,0,0,0,21,21,
21,0,21,0,21,0,0,0,0,0,0,0,0,0,0,0,0,0,0,0,0,0,0,21,21,
21,0,0,21,0,0,21,0,21,0,0,0,0,0,0,0,0,0,0,0,0,0,0,21,21,
21,0,0,0,0,0,0,21,0,0,0,0,0,0,0,0,0,0,0,0,0,0,0,21,21,
21,0,21,0,0,0,0,0,0,0,0,0,0,0,0,0,0,0,0,0,0,0,0,21,21,
21,21,0,0,0,0,0,0,0,0,0,0,0,0,0,0,0,0,0,0,0,0,21,21,21,
21,0,0,21,0,21,0,0,0,0,0,0,0,0,0,0,0,0,0,0,0,0,21,21,21,
21,0,0,0,21,0,0,0,0,0,0,0,0,21,0,0,0,0,0,0,0,0,21,21,21,
21,0,0,0,0,0,21,0,21,0,0,0,0,0,21,0,0,0,0,0,0,21,21,21,21,
21,0,0,0,0,0,0,21,0,0,0,0,0,0,0,21,0,0,0,0,0,21,21,21,21,
21,0,0,0,0,0,0,0,0,0,0,0,0,0,0,0,21,0,0,0,0,21,21,21,21,
21,0,0,0,0,0,0,0,0,0,0,0,0,0,0,0,0,21,0,0,21,21,21,21,21,
21,0,0,21,0,0,0,0,0,0,0,21,0,0,0,0,0,0,21,0,21,21,21,21,21,
21,0,0,21,0,0,0,0,0,0,0,0,21,0,0,0,0,0,0,21,21,21,21,21,21,
21,0,0,21,0,0,0,0,0,0,0,0,0,21,0,0,0,0,0,21,21,21,21,21,21,
21,0,0,21,0,0,0,0,0,0,0,0,0,0,21,0,0,0,21,21,21,21,21,21,21,
21,0,0,21,0,0,0,0,0,0,0,0,0,0,0,21,0,0,21,21,21,21,21,21,21,
21,0,0,21,0,0,0,0,21,0,0,0,0,0,0,0,21,21,21,21,21,21,21,21,21,
21,21,0,21,0,21,0,0,0,21,0,0,0,0,0,0,21,21,21,21,21,21,21,21,21,
21,0,21,21,21,0,0,0,0,0,21,0,0,0,0,21,21,21,21,21,21,21,21,21,21,
21,0,0,21,0,0,0,0,0,0,0,21,0,0,21,21,21,21,21,21,21,21,21,21,21,
21,0,0,0,0,0,0,0,0,0,0,0,21,21,21,21,21,21,21,21,21,21,21,21,21,
21,0,0,0,0,0,0,0,0,0,0,0,21,21,21,21,21,21,21,21,21,21,21,21,21,
21,0,0,0,0,0,0,0,0,0,0,21,21,21,21,21,21,21,21,21,21,21,21,21,21,
21,0,0,0,0,0,0,21,21,21,21,21,21,21,21,21,21,21,21,21,21,21,21,21,21,
21,0,0,0,0,0,0,0,0,0,21,21,21,21,21,21,21,21,21,21,21,21,21,21,21,
21,0,0,0,0,0,0,0,0,21,21,21,21,21,21,21,21,21,21,21,21,21,21,21,21,
21,0,0,0,0,0,0,0,0,21,21,21,21,21,21,21,21,21,21,21,21,21,21,21,21,
21,0,0,21,0,0,0,0,21,21,21,21,21,21,21,21,21,21,21,21,21,21,21,21,21,
21,0,0,21,0,0,0,24,21,0,0,0,0,0,0,0,0,0,21,0,0,0,0,0,21,
21,0,0,21,0,0,0,0,21,0,0,0,0,0,0,0,0,0,21,0,0,0,0,0,21,
21,0,0,21,0,0,0,0,21,0,0,0,24,21,0,0,0,0,21,0,0,0,0,0,21,
21,0,0,21,0,0,0,0,21,0,0,0,0,21,0,0,0,0,21,0,0,0,21,21,21,
21,0,0,21,0,0,0,0,21,23,0,0,0,21,0,0,0,0,21,23,0,0,0,0,21,
21,0,0,21,23,0,0,0,21,0,0,0,0,21,0,0,0,24,21,0,0,0,0,0,21,
21,0,0,21,0,0,0,0,21,0,0,0,0,21,0,0,0,0,21,0,0,0,0,0,21,
21,0,0,21,0,0,0,0,21,0,0,0,24,21,0,0,0,0,21,0,0,0,0,0,21,
21,0,0,21,0,0,0,0,21,0,0,0,0,21,0,0,0,0,21,0,0,0,0,0,21,
21,0,0,21,0,0,0,24,21,23,0,0,0,21,0,0,0,0,21,0,0,0,0,24,21,
21,0,0,21,0,0,0,0,21,0,0,0,0,21,23,0,0,0,21,0,0,0,0,0,21,
21,0,0,21,0,0,0,0,21,0,0,0,0,21,0,0,0,0,21,0,0,0,0,0,21,
21,0,0,21,23,0,0,0,21,0,0,0,0,21,0,0,0,0,21,23,0,0,0,0,21,
21,0,0,21,0,0,0,0,21,0,0,0,24,21,0,0,0,0,21,0,0,0,0,0,21,
21,0,0,21,0,0,0,0,21,0,0,0,0,21,0,0,0,24,21,0,0,0,0,0,21,
21,0,0,21,0,0,0,0,21,0,0,0,0,21,0,0,0,0,21,0,0,0,0,0,21,
21,0,0,21,0,0,0,24,21,23,0,0,0,21,0,0,0,0,21,0,0,0,0,0,21,
21,0,0,21,0,0,0,0,21,0,0,0,0,21,23,0,0,0,21,0,0,0,0,0,21,
21,0,0,21,0,0,0,0,21,0,0,0,0,21,0,0,0,0,21,0,0,0,0,24,21,
21,0,0,21,23,0,0,0,21,0,0,0,0,21,0,0,0,0,21,0,0,0,0,0,21,
21,0,0,21,0,0,0,0,21,0,0,0,24,21,0,0,0,0,21,0,0,0,0,0,21,
21,0,0,21,0,0,0,0,21,0,0,0,0,21,0,0,0,24,21,23,0,0,0,0,21,
21,0,0,21,0,0,0,0,21,0,0,0,0,21,0,0,0,0,21,0,0,0,0,0,21,
21,0,0,21,0,0,0,24,21,0,0,0,0,21,0,0,0,0,21,0,0,0,0,0,21,
21,0,0,21,0,0,0,0,21,23,0,0,0,21,23,0,0,0,21,0,0,0,0,0,21,
21,0,0,21,0,0,0,0,21,0,0,0,0,21,0,0,0,0,21,0,0,0,0,0,21,
21,0,0,21,23,0,0,0,21,0,0,0,0,21,0,0,0,0,21,0,0,0,0,0,21,
21,0,0,21,0,0,0,0,21,0,0,0,24,21,0,0,0,24,21,0,0,0,0,24,21,
21,0,0,21,0,0,0,0,21,0,0,0,0,21,0,0,0,0,21,0,0,0,0,0,21,
21,0,0,21,0,0,0,0,21,0,0,0,0,21,0,0,0,0,21,0,0,0,0,0,21,
21,0,0,21,0,0,0,24,21,23,0,0,0,21,23,0,0,0,21,0,0,0,0,0,21,
21,0,0,21,0,0,0,0,0,0,0,0,0,21,0,0,0,0,0,0,0,0,0,0,21,
21,0,0,21,0,0,0,0,0,0,0,0,0,21,0,0,0,0,0,0,0,0,0,0,21,
21,0,0,21,21,21,21,21,21,21,21,21,21,21,21,21,21,21,21,21,21,21,21,0,21,
21,0,0,0,0,0,0,0,0,0,0,0,0,0,0,0,0,0,0,0,0,0,0,0,21,
21,0,0,0,0,0,0,0,0,0,0,0,0,0,0,0,0,0,0,0,0,0,0,0,21,
21,0,0,0,0,0,0,0,0,0,0,0,0,0,0,0,0,0,0,0,0,0,0,21,21,
21,0,0,0,0,0,0,0,0,0,0,0,0,0,0,0,0,0,0,0,0,0,21,21,21,
21,0,0,0,0,0,0,0,0,0,0,0,0,0,0,0,0,0,0,0,0,21,21,21,21,
21,0,0,0,0,0,0,0,0,0,0,0,0,0,0,0,0,0,0,0,21,21,21,21,21,
21,0,0,0,0,0,21,0,0,0,0,0,0,0,0,0,0,0,0,21,21,21,21,21,21,
21,0,0,0,0,21,21,0,0,0,0,0,0,0,0,0,0,0,21,21,21,21,21,21,21,
21,0,0,0,21,21,21,0,0,0,0,0,0,0,0,0,0,21,21,21,21,21,21,21,21,
21,0,0,21,21,21,21,0,0,0,0,0,0,0,0,0,21,21,21,21,21,21,21,21,21,
21,0,0,0,0,0,0,0,0,0,0,0,0,0,0,21,21,21,21,21,21,21,21,21,21,
21,0,0,0,0,0,0,0,0,0,0,0,0,0,21,21,21,21,21,21,21,21,21,21,21,
21,0,0,0,0,0,0,0,0,0,0,0,0,21,21,21,21,21,21,21,21,21,21,21,21,
21,0,0,0,0,0,0,0,0,0,0,0,21,21,21,21,21,21,21,21,21,21,21,21,21,
21,0,0,0,0,0,0,0,0,0,0,21,21,21,21,21,21,21,21,21,21,21,21,21,21,
21,0,0,0,0,0,0,0,0,0,21,21,21,21,21,21,21,21,21,21,21,21,21,21,21,
21,0,0,0,0,0,0,0,0,21,21,21,21,21,21,21,21,21,21,21,21,21,21,21,21,
21,0,0,0,0,0,0,0,21,21,21,21,21,21,21,21,21,21,21,21,21,21,21,21,21,
21,10,0,11,0,0,0,21,21,21,21,21,21,21,21,21,21,21,21,21,21,21,21,21,21,
21,21,21,21,21,21,21,21,21,21,21,21,21,21,21,21,21,21,21,21,21,21,21,21,21,
21,21,21,21,21,21,21,21,21,21,21,21,21,21,21,21,21,21,21,21,21,21,21,21,21,
21,21,21,21,21,21,21,21,21,21,21,21,21,21,21,21,21,21,21,21,21,21,21,21,21,
21,21,21,21,21,21,21,21,21,21,21,21,21,21,21,21,21,21,21,21,21,21,21,21,21,
21,21,21,21,21,21,21,21,21,21,21,21,21,21,21,21,21,21,21,21,21,21,21,21,21

[layer]
type=Tile Layer 2
data=
0,0,0,0,0,0,0,0,0,0,0,0,0,0,0,0,0,0,0,0,0,0,0,0,0,
0,0,0,0,0,0,0,0,0,0,0,0,0,0,0,0,0,0,0,0,0,0,0,0,0,
0,0,0,0,0,0,0,0,0,0,0,0,0,0,0,0,0,0,0,0,0,0,0,0,0,
0,0,0,0,0,0,0,0,0,0,0,0,0,0,0,0,0,0,0,0,0,0,0,0,0,
0,0,0,0,0,0,0,0,0,0,0,0,0,0,0,0,0,0,0,0,0,0,0,0,0,
0,0,0,0,0,0,0,0,0,0,0,0,0,0,0,0,0,0,0,0,0,0,0,0,0,
0,0,0,0,31,0,0,0,0,0,0,0,0,0,0,0,0,0,0,0,0,0,0,0,0,
0,0,0,0,0,0,0,0,0,0,0,0,0,0,0,0,0,0,0,0,0,0,0,0,0,
0,0,0,0,0,0,0,0,0,0,0,0,0,0,0,0,0,0,0,0,0,0,0,0,0,
0,0,0,0,0,0,0,0,0,0,0,0,0,0,0,0,0,0,0,0,0,0,0,0,0,
0,0,0,0,0,0,0,0,0,0,0,0,0,0,0,0,0,0,0,0,0,0,0,0,0,
0,0,0,0,0,0,0,0,0,0,0,0,0,0,0,0,0,0,0,0,0,0,0,0,0,
0,0,0,0,0,0,0,0,0,0,0,0,0,0,0,0,0,0,0,0,0,0,0,0,0,
0,0,0,0,0,0,0,0,0,0,0,0,0,0,0,0,0,0,0,0,0,0,0,0,0,
0,0,0,0,0,0,0,0,0,0,0,0,0,0,0,0,0,0,0,0,0,0,0,0,0,
0,0,0,0,0,0,0,0,0,0,0,0,0,0,0,0,0,0,0,0,0,0,0,0,0,
0,0,0,0,0,0,0,0,0,0,0,0,0,0,0,0,0,0,0,0,0,0,0,0,0,
0,0,0,0,0,0,0,0,0,0,0,0,0,0,29,0,0,0,0,0,0,0,0,0,0,
0,0,0,0,29,0,0,0,0,0,0,0,0,0,0,0,0,0,0,0,0,0,0,0,0,
0,0,0,0,0,0,0,0,0,0,0,0,0,0,0,0,0,0,0,0,29,0,0,0,0,
0,0,0,0,0,0,0,0,0,0,0,0,0,0,0,0,0,0,0,0,0,0,0,0,0,
0,0,0,0,0,0,0,0,0,29,0,0,0,0,0,0,0,0,0,0,0,0,0,0,0,
0,0,0,0,0,0,0,0,0,0,0,0,0,0,0,0,0,0,0,0,0,0,0,0,0,
0,0,0,0,0,0,0,0,0,0,0,0,0,0,0,0,0,0,0,0,0,0,0,0,0,
0,0,0,0,0,0,0,0,0,0,0,0,0,0,0,0,0,0,0,29,0,0,0,0,0,
0,0,0,0,0,0,0,0,0,0,0,0,0,0,0,0,0,0,0,0,0,0,0,0,0,
0,0,0,0,0,0,0,0,0,0,0,0,0,0,0,0,0,0,0,0,0,0,0,0,0,
0,0,0,0,0,0,0,0,0,0,0,0,0,0,0,0,0,0,0,0,0,0,0,0,0,
0,0,0,0,0,0,0,0,0,0,0,0,0,0,0,0,0,0,0,0,0,0,0,0,0,
0,0,0,0,0,0,0,0,0,0,0,0,0,0,0,0,0,0,0,0,0,0,0,0,0,
0,0,0,0,0,0,0,0,0,0,0,0,0,0,0,0,0,0,0,0,0,0,0,0,0,
0,0,0,0,0,0,0,0,0,0,0,0,0,0,0,0,0,0,0,0,0,0,0,0,0,
0,0,0,0,0,0,0,0,29,0,0,0,0,0,0,0,0,0,0,0,0,0,0,0,0,
0,0,0,0,0,0,0,0,0,0,0,0,0,0,0,0,0,0,0,0,0,0,0,0,0,
0,0,29,0,0,0,0,0,0,0,0,0,0,0,0,0,0,0,0,0,0,0,0,0,0,
0,0,0,0,0,0,0,0,0,0,0,0,0,0,0,0,0,0,0,0,0,0,0,0,0,
0,0,0,0,0,0,0,0,0,0,0,0,0,0,0,0,0,0,0,0,0,0,0,0,0,
0,0,0,0,0,0,0,0,0,0,0,0,0,0,0,0,0,0,0,0,0,0,0,0,0,
0,0,0,0,0,0,0,0,0,0,0,0,0,0,0,0,0,0,0,0,0,0,0,0,0,
0,0,0,0,0,0,0,0,0,0,0,0,0,0,0,0,0,0,0,0,29,0,0,0,0,
0,0,0,0,0,0,0,0,0,0,0,0,0,0,0,0,0,0,0,0,0,0,0,0,0,
0,0,0,0,0,0,0,0,0,0,0,0,0,0,0,0,0,0,0,0,0,0,0,0,0,
0,0,0,0,0,0,0,0,0,0,0,0,0,0,0,0,0,0,0,0,0,0,0,0,0,
0,0,0,0,0,0,0,0,0,0,0,0,0,0,0,0,0,0,0,0,0,0,0,0,0,
0,0,0,0,0,0,0,0,0,0,0,0,0,0,0,0,0,0,0,0,0,0,0,0,0,
0,0,0,0,0,0,0,0,0,0,0,0,0,0,0,0,0,0,0,0,0,0,0,0,0,
0,0,0,0,0,0,0,0,0,0,0,0,0,0,0,0,0,0,0,0,0,0,0,0,0,
0,0,0,0,0,0,0,0,0,0,0,0,0,0,0,0,0,0,0,0,0,0,0,0,0,
0,0,0,0,0,0,0,0,0,0,0,0,0,0,0,0,0,0,0,0,0,0,0,0,0,
0,0,0,0,0,0,0,0,29,0,0,0,0,0,0,0,0,0,0,0,0,0,0,0,0,
0,0,0,0,0,0,0,0,0,0,0,0,0,0,0,0,0,0,0,0,0,0,0,0,0,
0,0,0,0,0,0,0,0,0,0,0,0,0,0,0,0,0,0,0,0,0,0,0,0,0,
0,0,0,0,0,0,0,0,0,0,0,0,0,0,0,0,0,0,0,0,0,0,0,0,0,
0,0,0,0,0,0,0,0,0,0,0,0,0,0,0,0,0,0,0,0,0,0,0,0,0,
0,0,0,0,0,0,0,0,0,0,0,0,0,0,0,0,0,0,0,0,0,0,0,0,0,
0,0,0,0,0,0,0,0,0,0,0,0,0,0,0,0,0,0,0,0,0,0,0,0,0,
0,0,0,0,0,0,0,0,0,0,0,0,0,0,0,0,29,0,0,0,0,0,0,0,0,
0,0,0,0,0,0,0,0,0,0,0,0,0,0,0,0,0,0,0,0,0,0,0,0,0,
0,0,0,0,0,0,0,0,0,0,0,0,0,0,0,0,0,0,0,0,0,0,0,0,0,
0,0,0,0,0,0,0,0,0,0,0,0,0,0,0,0,0,0,0,0,0,0,0,0,0,
0,0,0,0,0,0,0,0,0,0,0,0,0,0,0,0,0,0,0,0,0,0,0,0,0,
0,0,0,0,0,0,0,0,0,0,0,0,0,0,0,0,0,0,0,0,0,0,0,0,0,
0,0,0,0,0,0,0,0,0,0,0,0,0,0,0,0,0,0,0,0,0,0,0,0,0,
0,0,0,0,0,0,0,0,0,0,0,0,0,0,0,0,0,0,0,0,0,0,0,0,0,
0,0,0,0,0,0,0,0,0,0,0,0,0,0,0,0,0,0,0,0,0,0,0,0,0,
0,0,0,0,0,0,0,0,0,0,0,0,0,0,0,0,0,0,0,0,0,0,0,0,0,
0,0,0,0,0,0,0,0,0,0,0,0,0,0,0,0,0,0,0,0,0,0,0,0,0,
0,0,0,0,0,29,0,0,0,0,0,0,0,0,0,0,0,0,0,0,0,0,0,0,0,
0,0,0,0,0,0,0,0,0,0,0,0,0,0,0,0,0,0,0,0,0,0,0,0,0,
0,0,0,0,0,0,0,0,0,0,0,0,0,0,0,0,0,0,0,0,0,0,0,0,0,
0,0,0,0,0,0,0,0,0,0,0,0,0,0,0,0,0,0,0,0,0,0,0,0,0,
0,0,0,0,0,0,0,0,0,0,0,0,0,0,0,0,0,0,0,0,0,0,0,0,0,
0,0,0,0,0,0,0,0,0,0,0,0,0,0,0,29,0,0,0,0,0,0,0,0,0,
0,0,0,0,0,0,0,0,0,0,0,0,0,0,0,0,0,0,0,0,0,0,0,0,0,
0,0,0,0,0,0,0,0,0,0,0,0,0,0,0,0,0,0,0,0,0,0,0,0,0,
0,0,0,0,0,0,0,0,0,0,0,0,0,0,0,0,0,0,0,0,0,0,0,0,0,
0,0,0,0,0,0,0,0,0,0,0,0,0,0,0,0,0,0,0,0,0,0,0,0,0,
0,0,0,0,0,0,0,0,0,0,0,0,0,0,0,0,0,0,0,0,0,0,0,0,0,
0,0,0,0,0,0,0,0,0,0,0,0,0,0,0,0,0,0,0,0,0,0,0,0,0,
0,0,0,0,0,0,0,0,0,0,0,0,0,0,0,0,0,0,0,0,0,0,0,0,0,
0,0,0,0,0,0,0,0,0,0,0,0,0,0,0,0,0,0,0,0,0,0,0,0,0,
0,0,0,0,0,0,0,29,0,0,0,0,0,0,0,0,0,0,0,0,0,0,0,0,0,
0,0,0,0,0,0,0,0,0,0,0,0,0,0,0,0,0,0,0,0,0,0,0,0,0,
0,0,0,0,0,0,0,0,0,0,0,0,0,0,0,0,0,0,0,0,0,0,0,0,0,
0,0,0,0,0,0,0,0,0,0,0,0,0,0,0,0,0,0,0,0,0,0,0,0,0,
0,0,0,0,0,0,0,0,0,0,0,0,0,0,0,0,0,0,0,0,0,0,0,0,0,
0,0,0,0,0,0,0,0,0,0,0,0,0,0,0,0,0,0,0,0,0,0,0,0,0,
0,0,0,0,0,0,0,0,0,0,0,0,0,0,0,0,0,0,0,0,0,0,0,0,0,
0,0,0,0,0,0,0,0,0,0,0,0,0,0,0,0,0,0,0,0,0,0,0,0,0,
0,0,0,0,0,0,0,0,0,0,0,0,0,0,0,0,0,0,0,0,0,0,0,0,0,
0,0,0,0,0,0,0,0,0,0,0,0,0,0,0,0,0,0,0,0,0,0,0,0,0,
0,0,0,0,0,0,0,0,0,0,0,0,0,0,0,0,0,0,0,0,0,0,0,0,0,
0,29,0,0,0,0,0,0,0,0,0,0,0,0,0,0,0,0,0,0,0,0,0,0,0,
0,0,0,0,0,0,0,0,0,0,0,0,0,0,0,0,0,0,0,0,0,0,0,0,0,
0,0,0,0,0,0,0,0,0,0,0,0,0,0,0,0,0,0,0,0,0,0,0,0,0,
0,0,0,0,0,0,0,0,29,0,0,0,0,0,0,0,0,0,0,0,0,0,0,0,0,
0,0,0,0,0,0,0,0,0,0,0,0,0,0,0,0,0,0,0,0,0,0,0,0,0,
0,0,0,0,0,29,0,0,0,0,0,0,0,0,0,0,0,0,0,0,0,0,0,0,0,
0,0,0,0,0,0,0,0,0,0,0,0,0,0,0,0,0,0,41,41,0,29,0,0,0,
0,0,0,0,0,0,0,0,0,0,0,0,0,0,0,0,0,0,41,41,0,0,0,0,0,
0,0,0,0,0,0,0,0,0,0,0,0,0,0,0,0,0,0,0,0,0,0,0,0,0,
0,0,0,0,0,0,0,0,0,0,0,0,41,41,0,0,0,0,0,0,0,0,0,0,0,
0,29,0,0,0,0,0,0,0,0,0,0,41,41,0,0,0,0,0,0,0,0,0,0,0,
0,0,0,0,0,0,0,0,0,0,0,0,0,0,0,0,0,0,0,0,0,0,0,0,0,
0,0,0,0,0,0,0,0,0,0,0,0,0,0,0,0,0,0,0,0,0,0,0,0,0,
0,0,0,0,0,0,29,41,41,0,0,0,0,0,0,0,0,41,41,0,29,0,0,0,0,
0,0,0,0,0,0,0,41,41,0,0,0,0,0,0,0,0,41,41,0,0,0,0,0,0,
0,0,0,0,0,0,0,0,0,0,0,0,0,0,0,0,0,0,0,0,0,0,0,0,0,
0,0,0,0,0,0,0,0,0,0,0,0,0,0,0,0,0,0,0,0,0,0,0,0,0,
0,29,0,0,0,0,0,0,0,0,0,0,41,41,0,0,0,0,0,0,0,0,0,0,0,
0,0,0,0,0,0,0,0,0,0,0,0,41,41,0,0,0,0,0,0,0,0,0,0,0,
0,0,0,0,0,0,0,0,0,0,0,0,0,0,0,0,0,0,0,0,0,0,0,0,0,
0,0,0,0,0,0,0,0,0,0,0,0,0,0,0,0,0,0,0,0,0,0,0,0,0,
0,0,0,0,0,0,0,0,0,0,0,0,0,0,0,0,0,0,0,0,0,0,0,0,0,
0,0,0,0,0,0,29,41,41,0,0,0,0,0,0,0,0,41,41,0,29,0,0,0,0,
0,29,0,0,0,0,0,41,41,0,0,0,0,0,0,0,0,41,41,0,0,0,0,0,0,
0,0,0,0,0,0,0,0,0,0,0,0,0,0,0,0,0,0,0,0,0,0,0,0,0,
0,0,0,0,0,0,0,0,0,0,0,0,0,0,0,0,0,0,0,0,0,0,0,0,0,
0,0,0,0,0,0,0,0,0,0,0,0,0,0,0,0,0,0,0,0,0,0,0,0,0,
0,0,0,0,0,0,0,0,0,0,0,0,41,41,0,0,0,0,0,0,0,0,0,0,0,
0,0,0,0,0,0,0,0,0,0,0,0,41,41,0,0,0,0,0,0,0,0,0,0,0,
0,29,0,0,0,0,0,0,0,0,0,0,0,0,0,0,0,0,0,0,0,0,0,0,0,
0,0,0,0,0,0,0,0,0,0,0,0,0,0,0,0,0,0,0,0,0,0,0,0,0,
0,0,0,0,0,0,0,0,0,0,0,0,0,0,0,0,0,0,0,0,0,0,0,0,0,
0,0,0,0,0,0,29,41,41,0,0,0,0,0,0,0,0,41,41,0,29,0,0,0,0,
0,0,0,0,0,0,0,41,41,0,0,0,0,0,0,0,0,41,41,0,0,0,0,0,0,
0,0,0,0,0,0,0,0,0,0,0,0,0,0,0,0,0,0,0,0,0,0,0,0,0,
0,0,0,0,0,0,0,0,0,0,0,0,0,0,0,0,0,0,0,0,0,0,0,0,0,
0,0,0,0,0,0,0,0,0,0,0,0,0,0,0,0,0,0,0,0,0,0,0,0,0,
0,0,0,0,0,0,0,0,0,0,0,0,41,41,0,0,0,0,0,0,0,0,0,0,0,
0,0,0,0,0,0,0,0,0,0,0,0,41,41,0,0,0,0,0,0,0,0,0,0,0,
0,0,0,0,0,0,0,0,0,0,0,0,0,0,0,0,0,0,0,0,0,0,0,0,0,
0,0,0,0,0,0,0,0,0,0,0,0,0,0,0,0,0,0,0,0,0,0,0,0,0,
0,0,0,0,0,0,29,41,41,0,0,0,0,0,0,0,0,41,41,0,29,0,0,0,0,
0,0,0,0,0,0,0,41,41,0,0,0,0,0,0,0,0,41,41,0,0,0,0,0,0,
0,0,0,0,0,0,0,0,0,0,0,0,0,0,0,0,0,0,0,0,0,0,0,0,0,
0,0,0,0,0,0,0,0,0,0,0,0,0,0,0,0,0,0,0,0,0,0,0,0,0,
0,0,0,0,0,0,0,0,0,0,0,29,41,41,0,29,0,0,0,0,0,0,0,0,0,
0,0,0,0,0,0,0,0,0,0,0,0,41,41,0,0,0,0,0,0,0,0,0,0,0,
0,0,0,0,0,0,0,0,0,0,0,0,0,0,0,0,0,0,0,0,0,0,0,0,0,
0,0,0,0,0,0,0,0,0,0,0,0,0,0,0,0,0,0,0,0,0,0,0,0,0,
0,0,0,0,0,0,0,0,0,0,0,0,0,0,0,0,0,0,0,0,0,0,0,0,0,
0,0,0,0,0,0,0,0,0,0,0,0,0,0,0,0,0,0,0,0,0,0,0,0,0,
0,0,0,0,0,0,0,0,0,0,0,0,29,0,0,0,29,0,0,0,29,0,0,0,29,
0,0,0,0,0,0,0,0,0,0,29,0,0,41,41,0,0,41,41,0,0,41,41,0,0,
0,0,0,0,0,0,0,0,0,0,0,0,0,0,0,0,0,0,0,0,0,0,0,0,0,
0,0,0,0,0,0,0,0,0,0,0,0,0,0,0,0,0,0,0,0,0,0,0,0,0,
0,0,0,0,0,0,0,0,0,0,0,0,0,0,0,0,0,0,0,0,0,0,0,0,0,
0,0,0,0,0,0,0,0,0,0,0,0,0,0,0,0,0,0,0,0,0,0,0,0,0,
0,0,0,0,0,0,0,0,0,0,29,0,0,0,0,0,0,0,0,0,0,0,0,0,0,
0,0,0,0,0,0,0,0,0,0,0,0,0,0,0,0,0,0,0,0,0,0,0,0,0,
0,0,0,0,0,0,0,0,0,0,0,0,0,0,0,0,0,0,0,0,0,0,0,0,0,
0,0,0,0,0,0,0,0,0,0,0,0,0,0,0,0,0,0,0,0,0,0,0,0,0,
0,0,0,0,0,0,0,0,0,0,0,0,0,0,0,0,0,0,0,0,0,0,0,0,0,
0,0,0,0,0,0,0,0,0,0,29,0,0,0,0,0,0,0,0,0,0,0,0,0,0,
0,0,0,0,0,0,0,0,0,0,0,0,0,0,0,0,0,0,0,0,0,0,0,0,0,
0,0,0,0,0,0,0,0,0,0,0,0,0,0,0,0,0,0,0,0,0,0,0,0,0,
0,0,0,0,0,0,0,0,0,0,0,0,0,0,0,0,0,0,0,0,0,0,0,0,0,
0,0,0,0,0,0,0,0,0,0,0,0,0,0,0,0,0,0,0,0,0,0,0,0,0,
0,0,0,0,0,0,0,0,0,0,0,0,0,0,0,0,0,0,0,0,0,0,0,0,0,
0,0,0,0,0,0,0,0,0,0,0,0,0,0,0,0,0,0,0,0,0,0,0,0,0,
0,0,0,0,0,0,0,0,0,0,0,0,0,0,0,0,0,0,0,0,0,0,0,0,0,
0,0,0,0,0,0,0,0,0,0,0,0,0,0,0,0,0,0,0,0,0,0,0,0,0,
0,0,0,0,0,0,0,0,0,0,0,0,29,0,0,0,0,0,0,0,0,0,0,0,0,
0,0,0,0,0,0,0,0,0,0,0,0,0,41,41,41,41,41,41,41,41,41,41,0,0,
0,0,0,0,0,0,0,0,0,0,0,0,0,0,0,0,0,0,0,0,0,0,0,0,0,
0,0,0,0,0,0,0,0,0,0,0,0,0,0,0,0,0,0,0,0,0,0,0,0,0,
0,0,0,0,0,0,0,0,0,0,0,0,0,0,0,0,0,0,0,0,0,0,0,0,0,
0,0,0,0,0,0,0,0,0,0,0,0,0,0,0,0,0,0,0,0,0,0,0,0,0,
0,0,0,0,0,0,0,0,0,0,0,0,0,0,0,0,0,0,0,0,0,0,0,0,0,
0,0,0,0,0,0,0,0,0,0,0,0,0,0,0,0,0,0,0,0,0,0,0,0,0,
0,0,0,0,0,0,0,0,0,41,0,0,0,0,0,0,0,0,0,0,0,0,0,0,0,
0,0,0,0,0,0,0,0,0,0,0,0,0,0,0,0,0,0,0,0,0,0,0,0,0,
0,0,0,0,0,0,0,0,0,0,0,0,0,0,0,0,0,0,0,0,0,0,0,0,0,
0,0,0,0,0,0,0,0,0,0,0,0,0,0,0,0,0,0,0,0,0,0,0,0,0,
0,0,0,0,0,0,0,0,0,0,0,0,0,0,0,0,0,0,0,0,0,0,0,0,0,
0,0,0,29,0,0,0,0,0,0,0,0,0,0,0,41,0,0,0,0,0,0,0,0,0,
0,0,0,0,0,0,0,0,0,0,0,0,0,0,0,0,0,0,0,0,0,0,0,0,0,
0,0,0,0,0,0,0,0,0,0,0,0,0,0,0,0,0,0,0,0,0,0,0,0,0,
0,0,0,0,0,0,0,0,0,0,0,0,0,0,0,0,0,0,0,0,0,0,0,0,0,
0,0,0,0,0,0,0,0,29,0,0,0,0,0,0,0,0,0,0,0,0,0,0,0,0,
0,0,0,0,0,0,0,0,0,0,0,0,0,0,0,0,0,0,0,0,0,0,0,0,0,
0,0,0,0,0,0,0,0,0,0,0,0,0,0,0,0,0,0,0,0,0,0,0,0,0,
0,0,0,0,0,0,0,0,0,0,0,0,0,0,0,0,0,0,0,0,0,0,0,0,0,
0,0,0,29,0,0,0,0,0,0,0,0,0,41,0,0,0,0,0,0,0,0,0,0,0,
0,0,0,0,0,0,0,0,0,0,0,0,0,0,0,0,0,0,0,0,0,0,0,0,0,
0,0,0,0,0,0,0,0,0,0,0,0,0,0,0,0,0,0,0,0,0,0,0,0,0,
0,0,0,0,0,0,0,0,0,0,0,0,0,0,0,0,0,0,0,0,29,0,0,0,0,
0,0,0,0,0,0,0,0,0,0,0,0,0,0,0,0,0,0,0,0,0,0,0,0,0,
0,0,0,0,0,0,0,0,0,0,0,0,0,0,0,0,0,0,0,0,0,0,0,0,0,
0,0,0,0,0,0,41,0,0,0,0,0,0,0,0,0,0,0,0,0,0,0,0,0,0,
0,0,0,0,0,0,0,0,0,0,0,0,0,0,0,0,0,0,0,0,0,0,0,0,0,
0,0,0,0,0,0,0,0,0,0,0,0,0,0,0,0,29,0,0,0,0,0,0,0,0,
0,0,0,0,0,0,0,0,0,0,0,0,0,0,0,0,0,0,0,0,0,0,0,0,0,
0,0,0,0,0,0,0,0,0,0,0,0,0,0,0,0,0,0,0,0,0,0,0,0,0,
0,0,0,0,0,0,0,0,0,0,0,0,0,0,0,0,0,0,0,0,0,0,0,0,0,
0,0,0,0,0,0,0,0,0,0,0,0,29,0,0,0,0,0,0,0,29,0,0,0,0,
0,0,0,0,0,0,0,0,0,0,0,0,0,0,0,0,0,0,0,0,0,0,0,0,0,
0,0,0,0,0,0,0,0,0,0,0,0,0,0,0,0,0,0,0,0,0,0,0,0,0,
0,29,0,0,0,0,0,0,0,0,0,0,0,0,0,0,0,0,0,0,0,0,0,0,0,
0,0,0,0,0,0,0,0,0,0,0,0,0,0,0,0,0,0,0,0,0,0,0,0,0,
0,0,0,0,0,0,0,0,0,0,0,41,0,0,0,0,0,0,0,0,0,0,0,0,0,
0,0,0,0,0,0,0,0,0,0,0,0,0,0,0,0,0,0,0,0,0,0,0,0,0,
0,29,0,0,0,0,0,0,0,0,0,0,0,0,0,0,0,0,0,0,0,0,0,0,0,
0,0,0,0,0,0,0,0,0,0,0,0,0,0,0,0,0,0,0,0,0,0,0,0,0,
0,0,0,0,0,0,0,0,0,0,0,0,0,0,0,0,0,0,0,0,0,0,0,0,0,
0,0,0,0,0,0,0,0,0,0,0,0,0,0,0,0,0,41,0,0,0,0,0,0,0,
0,29,0,0,0,0,0,0,0,0,0,0,0,0,0,0,0,0,0,0,0,0,0,0,0,
0,0,0,0,0,0,0,0,0,0,0,0,0,0,0,0,0,0,0,0,0,0,0,0,0,
0,0,0,0,0,0,0,0,0,0,0,0,0,0,0,0,0,0,0,0,0,0,0,0,0,
0,0,0,0,0,0,0,0,0,0,0,0,0,0,0,0,0,0,0,0,0,0,0,0,0,
0,29,0,0,0,0,0,0,0,0,0,0,0,0,0,0,0,0,0,0,0,0,29,29,0,
0,0,0,0,0,0,0,0,0,0,0,0,0,0,0,0,0,0,0,0,0,0,0,29,0,
0,0,0,0,0,0,0,0,0,0,0,0,0,0,0,0,0,0,0,0,29,29,29,29,0,
0,0,0,0,0,0,0,0,0,0,0,0,0,0,0,0,0,0,0,0,29,0,0,0,0,
0,29,0,0,0,0,0,0,0,0,0,0,0,0,0,0,0,0,0,0,0,0,0,0,0,
0,0,0,0,0,0,0,0,0,0,0,0,0,0,0,0,0,0,0,0,0,0,0,0,0,
0,0,0,0,0,0,0,0,0,0,0,0,0,0,0,0,29,0,0,0,0,0,0,0,0,
0,0,0,0,0,0,0,0,0,0,0,0,0,0,0,0,0,0,0,0,0,0,0,0,0,
0,29,0,0,0,0,0,0,0,0,0,0,0,0,0,29,0,0,0,0,0,0,0,0,0,
0,0,0,0,0,0,0,0,0,0,0,0,0,0,0,0,0,0,0,29,0,0,0,0,0,
0,0,0,0,0,0,0,0,0,0,0,0,0,0,0,0,0,0,0,0,0,0,0,0,0,
0,0,0,0,0,0,0,0,0,0,0,0,0,0,0,0,0,0,0,0,0,0,0,0,0,
0,0,0,0,0,0,0,0,0,0,0,0,0,0,0,0,0,0,29,0,0,0,0,0,0,
0,0,0,0,0,0,0,0,0,0,0,0,0,0,0,0,0,0,0,0,0,0,0,0,0,
0,0,0,0,0,0,0,0,0,0,0,0,0,0,0,0,0,0,0,0,0,0,0,0,0,
0,0,0,0,0,0,0,0,0,0,0,0,0,0,0,0,0,0,0,0,0,0,0,0,0,
0,0,0,0,0,0,0,0,0,0,0,0,0,0,0,0,0,0,0,0,0,0,0,0,0,
0,0,0,0,0,0,0,0,0,0,0,0,0,0,0,0,0,0,0,0,0,0,0,0,0,
0,0,0,0,0,0,0,0,0,0,0,41,0,0,0,0,0,0,0,0,41,0,0,0,0,
0,0,0,0,0,0,0,0,0,0,0,0,0,0,0,0,0,0,0,0,0,0,0,0,0,
0,0,0,0,0,0,0,0,0,0,0,0,0,0,0,0,0,0,0,0,0,0,0,0,0,
0,0,0,0,0,0,0,0,0,0,0,0,0,0,0,0,0,0,0,0,0,0,0,0,0,
0,0,0,0,0,0,0,0,0,0,0,0,0,0,0,0,0,0,0,0,0,0,0,0,0,
0,0,0,0,0,0,0,0,0,0,0,0,0,0,0,0,0,0,0,0,0,0,0,0,0,
0,0,0,0,0,0,0,0,0,0,0,0,0,0,0,0,0,0,0,0,0,0,0,0,0,
0,0,0,0,0,0,0,0,0,0,0,0,0,0,0,0,0,0,0,0,0,0,0,0,0,
0,0,0,0,0,0,0,0,0,0,0,0,0,0,0,0,0,0,0,0,0,0,0,0,0,
0,0,0,0,0,0,0,0,0,0,0,0,0,0,0,0,0,0,0,0,0,0,0,0,0,
0,0,0,0,0,0,0,0,0,0,0,0,0,0,0,0,0,0,0,0,0,0,0,0,0,
0,0,0,0,0,0,0,0,0,0,0,0,0,0,0,0,0,0,0,0,0,0,0,0,0,
0,0,0,0,0,0,0,0,0,0,0,0,0,0,0,0,0,0,0,0,0,0,0,0,0,
0,0,0,0,0,0,0,0,0,0,0,0,0,0,0,0,0,0,0,0,0,0,0,0,0,
0,0,0,0,0,0,0,0,0,0,0,0,0,0,0,0,0,0,0,0,0,0,0,0,0,
0,0,0,0,0,0,0,0,0,0,0,0,0,0,0,0,0,0,0,0,0,0,0,0,0,
0,0,0,0,0,0,0,0,0,0,0,0,0,0,0,0,0,0,0,0,0,0,0,0,0,
0,0,0,0,0,0,0,0,0,0,0,0,0,0,0,0,0,0,0,0,0,0,0,0,0,
0,0,0,0,0,0,0,0,0,0,0,0,0,0,0,0,0,0,0,0,0,0,0,0,0,
0,0,0,0,0,0,0,0,0,0,0,0,0,0,0,0,0,0,0,0,0,0,0,0,0,
0,0,0,0,0,0,0,0,0,0,0,0,0,0,0,0,0,0,0,0,0,29,29,29,0,
0,0,0,0,0,0,0,0,0,0,0,0,0,0,0,0,0,0,0,0,0,0,0,0,0,
0,0,0,0,0,0,0,0,0,0,0,0,0,0,0,0,0,0,0,0,0,0,0,0,0,
0,0,0,0,0,0,0,0,0,0,0,0,0,0,0,0,0,0,0,0,0,0,0,0,0,
0,0,0,0,0,0,0,0,0,0,0,0,0,0,0,0,0,0,0,0,0,0,0,0,0,
0,0,0,0,0,0,0,0,0,0,0,0,0,0,0,0,0,0,0,0,0,0,0,0,0,
0,0,0,0,0,0,0,0,0,0,0,0,0,0,0,0,0,0,0,0,0,0,0,0,0,
0,0,0,0,0,0,0,0,0,0,0,0,0,0,0,0,0,0,0,0,0,0,0,0,0,
0,0,0,0,0,0,0,0,0,0,29,0,0,0,0,0,0,0,0,0,0,0,0,0,0,
0,0,0,0,0,0,0,0,0,0,0,0,0,0,0,0,0,0,0,0,0,0,0,0,0,
0,0,0,0,0,0,0,0,0,0,0,0,0,29,0,0,0,0,0,0,0,0,0,0,0,
0,0,0,0,0,0,0,0,0,0,0,0,0,0,0,0,0,0,0,0,0,0,0,0,0,
0,0,41,41,41,41,41,0,0,0,0,0,0,0,0,0,0,0,0,0,0,0,0,0,0,
0,0,0,0,0,0,0,0,0,0,0,0,0,0,0,0,0,0,0,0,0,0,0,0,0,
0,0,0,0,0,0,0,0,0,0,0,0,0,0,0,29,0,0,0,0,0,0,0,0,0,
0,0,0,0,0,0,0,0,0,0,0,0,0,0,0,0,0,0,0,0,0,0,0,0,0,
0,0,0,0,0,0,0,0,0,0,0,0,0,0,0,0,0,0,0,0,0,0,0,0,0,
0,0,0,0,0,0,0,0,0,0,0,0,0,0,0,0,0,0,0,0,0,0,0,0,0,
0,0,0,0,0,0,0,0,0,0,0,0,0,0,0,0,0,0,0,0,0,0,0,0,0,
0,0,0,0,0,0,0,0,0,0,0,0,0,0,0,0,29,0,0,0,0,0,0,0,0,
0,0,0,0,0,0,0,0,0,0,0,0,0,0,0,0,0,0,0,0,0,0,0,0,0,
0,0,0,0,0,0,0,0,0,0,0,0,0,0,0,0,0,0,0,0,0,0,0,0,0,
0,0,0,0,0,0,0,0,0,0,0,0,0,0,0,0,0,0,0,0,0,0,0,0,0,
0,0,0,0,0,0,0,0,0,0,0,0,0,0,0,0,0,0,0,0,0,0,0,0,0,
0,0,0,0,0,0,0,0,0,0,0,0,0,0,0,0,0,0,0,0,0,0,0,0,0,
0,0,0,0,0,0,0,0,0,0,0,0,0,0,0,0,29,0,0,0,0,0,0,0,0,
0,0,0,0,0,0,0,0,0,0,0,0,0,0,0,0,0,0,0,0,0,0,0,0,0,
0,0,0,0,0,0,0,0,0,0,0,0,0,0,0,0,0,0,0,0,0,0,0,0,0,
0,0,0,0,0,0,0,0,0,0,0,0,0,0,0,0,0,0,0,0,0,0,0,0,0,
0,0,0,0,0,0,0,0,0,0,0,0,0,0,0,0,0,0,0,0,0,0,0,0,0,
0,0,0,0,0,0,0,0,0,0,0,0,0,0,0,0,0,0,0,0,0,0,0,0,0,
0,0,0,0,0,0,0,0,0,0,0,0,0,0,0,0,0,0,29,0,0,0,0,0,0,
0,0,0,0,0,0,0,0,0,0,0,0,0,0,0,0,0,0,0,0,0,0,0,0,0,
0,0,0,0,0,0,0,0,0,0,0,0,0,0,0,0,0,0,0,0,0,0,0,0,0,
0,0,0,0,0,0,0,0,0,0,0,0,0,0,0,0,0,0,0,0,0,0,0,0,0,
0,0,0,0,0,0,0,0,0,0,0,0,0,0,29,0,0,0,0,0,0,0,0,0,0,
0,0,0,0,0,0,0,0,0,0,0,0,0,0,0,0,0,0,0,0,0,0,0,0,0,
0,0,0,0,0,0,0,0,0,0,0,0,0,0,0,0,0,0,0,0,0,0,0,0,0,
0,0,0,0,0,0,0,0,0,0,0,0,0,0,0,0,0,0,0,0,0,0,0,0,0,
0,0,0,0,0,0,0,0,0,0,0,0,0,0,0,0,0,0,0,0,0,0,0,0,0,
0,0,0,0,0,0,0,0,0,0,0,0,0,0,0,0,0,0,0,0,0,0,0,0,0,
0,0,0,0,0,0,0,0,0,0,0,0,0,0,0,0,0,0,0,0,0,0,0,0,0,
0,0,0,0,0,0,0,0,0,0,0,0,0,0,0,0,0,0,0,0,0,0,0,0,0,
0,0,0,0,0,0,0,0,0,0,0,0,0,0,0,0,0,0,0,0,0,0,0,0,0,
0,0,0,0,0,0,0,0,0,0,0,0,0,0,0,0,0,0,0,0,0,0,0,0,0,
0,0,0,0,0,0,0,0,0,0,0,0,0,0,0,0,0,0,0,0,0,0,0,0,0,
0,0,0,0,0,0,0,0,0,0,0,0,0,0,0,0,0,0,0,0,0,0,0,0,0,
0,0,0,0,0,0,0,0,0,0,0,0,0,0,0,0,0,0,0,0,0,0,0,0,0,
0,0,0,0,0,0,0,0,0,0,0,0,0,0,0,0,0,0,0,0,0,0,0,0,0,
0,0,0,0,0,0,0,0,0,0,0,0,0,0,0,0,0,0,0,0,0,0,0,0,0,
0,0,0,0,0,0,0,0,0,0,0,0,0,0,0,0,0,0,0,0,0,0,0,0,0,
0,0,0,0,0,0,0,0,0,0,0,0,0,0,0,0,0,0,0,0,0,0,0,0,0,
0,0,0,0,0,0,0,0,0,0,0,0,0,0,0,0,0,0,0,0,0,0,0,0,0,
0,0,0,0,0,0,0,0,0,0,0,0,0,0,0,0,0,0,0,0,0,0,0,0,0,
0,0,0,0,0,0,0,0,0,0,0,0,0,0,0,0,0,0,0,0,0,0,0,0,0,
0,0,0,0,0,0,0,0,0,0,0,0,0,0,0,0,0,0,0,0,0,0,0,0,0,
0,0,0,0,0,0,0,0,0,0,0,0,0,0,0,0,0,0,0,0,0,0,0,0,0,
0,0,0,0,0,0,0,0,0,0,0,0,0,0,0,0,0,0,0,0,0,0,0,0,0,
0,0,0,0,0,0,0,0,0,0,0,0,0,0,0,0,0,0,0,0,0,0,0,0,0,
0,0,0,0,0,0,0,0,0,0,0,0,0,0,0,0,0,0,0,0,0,0,0,0,0,
0,0,0,0,0,0,0,0,0,0,0,0,0,0,0,0,0,0,0,0,0,0,0,0,0,
0,0,0,0,0,0,0,0,0,0,0,0,0,0,0,0,0,0,0,0,0,0,0,0,0,
0,0,0,0,0,0,0,0,0,0,0,0,0,0,0,0,0,0,0,0,0,0,0,0,0,
0,0,0,0,0,0,0,0,0,0,0,0,0,0,0,0,29,0,0,29,0,0,29,0,0,
0,0,0,0,0,0,0,0,0,0,0,0,0,0,0,0,0,0,0,0,0,0,0,0,0,
0,0,0,0,0,0,0,0,0,0,0,0,0,0,0,0,0,0,0,0,0,0,0,0,0,
0,0,0,0,0,0,0,0,0,0,0,0,0,0,0,0,0,0,0,0,0,0,0,0,0,
0,0,0,0,0,0,0,0,0,0,0,0,0,0,0,0,0,0,0,0,0,0,0,0,0,
0,0,0,0,0,0,0,0,0,0,0,0,0,0,0,0,0,0,0,0,0,0,0,0,0,
0,0,0,0,0,0,0,0,0,0,0,0,0,0,0,0,0,0,0,0,0,0,0,0,0,
0,0,0,0,0,0,0,0,0,0,0,0,0,0,0,0,0,0,0,0,0,0,0,0,0,
0,0,0,0,0,0,0,0,0,0,0,0,0,0,0,0,0,0,0,0,0,0,0,0,0,
0,0,0,0,0,0,0,0,0,0,0,0,0,0,0,0,0,0,0,0,0,0,0,0,0,
0,0,41,0,41,0,41,0,41,0,41,0,0,0,0,0,0,0,0,0,0,0,0,0,0,
0,0,0,0,0,0,0,0,0,0,0,0,0,0,0,0,0,0,0,0,0,0,0,0,0,
0,0,0,0,0,0,0,0,0,0,0,0,0,0,0,0,0,0,0,0,0,0,0,0,0,
0,0,0,0,0,0,0,0,0,0,0,0,0,0,0,0,0,0,0,0,0,0,0,0,0,
0,0,0,0,0,0,0,0,0,0,0,0,0,0,0,0,0,0,0,0,0,0,0,0,0,
0,0,0,0,0,0,0,0,0,0,0,0,0,0,0,0,29,0,29,0,0,0,0,0,0,
0,0,0,0,0,0,0,0,0,0,0,0,0,0,0,0,0,0,0,0,0,0,0,0,0,
0,0,0,0,0,0,0,0,0,0,0,0,0,0,0,0,0,0,0,0,0,0,0,0,0,
0,0,0,0,0,0,0,0,0,29,0,29,0,0,0,0,0,0,0,0,0,0,0,0,0,
0,0,0,0,0,0,0,0,0,0,0,0,0,0,0,0,0,0,0,0,0,0,0,0,0,
0,0,0,0,0,0,0,0,0,0,0,0,0,0,0,0,0,0,0,0,0,0,0,0,0,
0,0,0,0,29,0,29,0,0,0,0,0,0,0,0,0,0,0,0,0,0,0,0,0,0,
0,0,0,0,0,0,0,0,0,0,0,0,0,0,0,0,0,0,0,0,0,0,0,0,0,
0,0,0,0,0,0,0,0,0,0,0,0,0,0,0,0,0,0,0,0,0,0,0,0,0,
0,0,0,0,0,0,0,0,0,0,0,0,0,0,0,0,0,0,0,0,0,0,0,0,0,
0,0,0,0,0,0,0,0,0,0,0,0,0,0,0,0,0,0,0,0,0,0,0,0,0,
0,0,0,0,0,0,0,0,0,0,0,0,0,0,0,0,0,0,0,0,0,0,0,0,0,
0,0,0,0,0,0,0,0,0,0,0,0,0,0,0,0,0,0,0,0,0,0,0,0,0,
0,0,0,0,0,0,0,0,0,0,29,0,29,0,0,0,0,0,0,0,0,0,0,0,0,
0,0,0,0,0,0,0,0,0,0,0,0,0,0,0,0,0,0,0,0,0,0,0,0,0,
0,0,0,0,0,0,0,0,0,0,0,0,0,0,0,0,0,0,0,0,0,0,0,0,0,
0,0,0,0,0,0,0,0,0,0,0,0,0,0,0,0,0,0,0,0,0,0,0,0,0,
0,0,0,0,0,0,0,0,0,0,0,0,0,0,0,0,0,0,0,0,0,0,0,0,0,
0,0,0,0,0,0,0,0,0,0,0,0,0,0,0,0,0,0,0,0,0,0,0,0,0,
0,0,0,0,0,0,0,0,0,0,0,0,0,0,0,0,0,0,0,0,0,0,0,0,0,
0,0,0,0,0,0,0,0,0,0,0,0,0,0,0,0,0,0,0,0,0,0,0,0,0,
0,0,0,0,0,0,0,0,0,0,0,0,0,0,0,0,0,0,0,0,0,0,0,0,0,
0,0,0,0,0,0,0,0,0,0,0,0,0,0,0,0,0,0,0,0,0,0,0,0,0,
0,0,0,0,0,0,0,0,0,0,0,0,0,0,0,0,0,0,0,0,0,0,0,0,0,
0,0,0,0,0,0,0,0,0,0,0,0,0,0,0,0,0,0,0,0,0,0,0,0,0,
0,0,0,0,0,0,0,0,0,0,0,0,0,0,0,0,0,0,0,0,0,0,0,0,0,
0,0,0,0,0,0,0,0,0,0,0,29,0,29,0,0,0,0,0,0,0,0,0,0,0,
0,0,0,0,0,0,0,0,0,0,0,0,0,0,0,0,0,0,0,0,0,0,0,0,0,
0,0,0,0,0,0,0,0,0,0,0,0,0,0,0,0,0,0,0,0,0,0,0,0,0,
0,0,0,0,0,0,0,0,0,0,0,0,0,0,0,0,0,0,0,0,0,0,0,0,0,
0,0,0,0,0,0,0,0,0,0,0,0,0,0,0,0,0,0,0,0,0,0,0,0,0,
0,0,0,0,0,0,0,0,0,0,0,0,0,0,0,0,0,0,0,0,0,0,0,0,0,
0,0,0,0,0,0,0,29,0,0,0,0,0,0,0,0,0,0,29,0,0,0,0,0,0,
0,0,0,0,0,0,0,0,29,0,0,0,0,0,0,0,0,29,0,0,0,0,0,0,0,
0,0,0,0,0,0,0,0,0,29,29,0,0,0,0,29,29,0,0,0,0,0,0,0,0,
0,0,0,0,0,0,0,0,0,0,0,0,0,0,0,0,0,0,0,0,0,0,0,0,0,
0,0,0,0,0,0,0,0,0,0,0,0,0,0,0,0,0,0,0,0,0,0,0,0,0,
0,0,0,0,0,0,0,0,0,0,0,0,0,0,0,0,0,0,0,0,0,0,29,0,0,
0,0,0,0,0,0,0,0,0,0,0,0,0,0,0,0,0,0,0,0,0,0,0,0,0,
0,0,0,0,0,0,0,0,0,0,0,0,0,0,0,0,0,0,0,0,0,0,0,0,0,
0,0,0,0,0,0,0,0,0,0,0,0,0,0,0,0,0,0,0,0,0,0,0,0,0,
0,0,0,0,0,0,0,0,0,0,0,0,0,0,0,0,0,0,0,0,0,0,0,0,0,
0,0,0,0,0,0,0,0,0,0,0,0,0,0,0,0,0,0,0,0,0,0,29,0,0,
0,0,0,0,0,0,0,0,0,0,0,0,0,0,0,0,0,0,0,0,0,0,0,0,0,
0,0,0,0,0,0,0,0,0,0,0,0,0,0,0,0,0,0,0,0,0,0,0,0,0,
0,0,0,0,0,0,0,0,0,0,0,0,0,0,0,0,0,0,0,0,0,0,0,0,0,
0,0,0,0,0,0,0,0,0,0,0,0,0,0,0,0,0,0,0,0,0,0,0,0,0,
0,0,0,0,0,0,0,0,0,0,0,0,0,0,0,0,0,0,0,0,0,0,29,0,0,
0,0,0,0,0,0,0,0,0,0,0,0,0,0,0,0,0,0,0,0,0,0,0,0,0,
0,0,0,0,0,0,0,0,0,0,0,0,0,0,0,0,0,0,0,0,0,0,0,0,0,
0,0,0,0,0,0,0,0,0,0,0,0,0,0,0,0,0,0,0,0,0,0,0,0,0,
0,0,0,0,0,0,0,0,0,0,29,0,0,0,0,29,0,0,0,0,0,0,0,0,0,
0,0,0,0,0,0,0,0,0,0,29,0,0,0,0,29,0,0,0,0,0,0,0,0,0,
0,0,0,0,0,0,0,0,0,0,0,0,0,0,0,0,0,0,0,0,0,0,0,0,0,
0,0,0,0,0,0,0,0,0,0,0,0,0,0,0,0,0,0,0,0,0,0,0,0,0,
0,0,0,0,0,0,0,0,0,0,0,0,0,0,0,0,0,0,0,0,0,0,0,0,0,
0,0,0,0,0,0,0,0,0,0,0,0,0,0,0,0,0,0,0,0,0,0,0,0,0,
0,0,0,0,0,0,0,0,0,0,0,0,0,0,0,0,0,0,0,0,0,0,0,0,0,
0,0,0,0,0,0,0,0,0,0,0,0,0,0,0,0,0,0,0,0,0,0,0,0,0,
0,0,0,0,0,0,0,0,0,0,0,0,0,0,0,0,0,0,0,0,0,0,0,0,0,
0,0,0,0,0,0,0,0,0,0,0,0,0,0,0,0,0,0,0,0,0,0,0,0,0,
0,0,0,0,0,0,0,0,0,0,0,0,0,0,0,0,0,0,0,0,0,0,0,0,0,
0,0,0,0,0,0,0,0,0,0,0,0,0,0,0,0,0,0,0,0,0,0,0,0,0,
0,0,0,0,0,0,0,0,0,0,0,0,0,0,0,0,0,0,0,0,0,0,0,0,0,
0,0,0,0,0,0,0,0,0,0,0,0,0,0,0,0,0,0,0,0,0,0,0,0,0,
0,0,0,0,0,0,0,0,0,0,0,0,0,0,0,0,0,0,0,0,0,0,0,0,0,
0,0,0,0,0,0,0,0,0,0,0,0,0,0,0,0,0,0,0,0,0,0,0,0,0,
0,0,0,0,0,0,0,0,0,0,0,0,0,0,0,0,0,0,0,0,0,0,0,0,0,
0,0,0,0,0,0,0,0,0,0,0,0,0,0,0,0,0,0,0,0,0,0,0,0,0,
0,0,0,0,0,0,0,0,0,0,0,0,0,0,0,0,0,0,0,0,0,0,0,0,0,
0,0,0,0,0,0,0,0,0,0,0,0,0,0,0,0,0,0,0,0,0,0,0,0,0,
0,0,0,0,0,0,0,0,0,0,0,0,0,0,0,0,0,0,0,0,0,0,0,0,0,
0,0,0,0,0,0,0,0,0,0,0,0,0,0,0,0,0,0,0,0,0,0,0,0,0,
0,0,0,0,0,0,0,0,0,0,0,0,0,0,0,0,0,0,0,0,0,0,0,0,0,
0,0,0,0,0,0,0,0,0,0,0,0,0,0,0,0,0,0,0,0,0,0,0,0,0,
0,0,0,0,0,0,0,0,0,0,0,0,0,0,0,0,0,0,0,0,0,0,0,0,0,
0,0,0,0,0,0,0,0,0,0,0,0,0,0,0,0,0,0,0,0,0,0,0,0,0,
0,0,0,0,0,0,0,0,0,0,0,0,0,0,0,0,0,0,0,0,0,0,0,0,0,
0,0,0,0,0,0,0,0,0,0,0,0,0,0,0,0,0,0,0,0,0,0,0,0,0,
0,0,0,0,0,0,0,0,0,0,0,0,0,0,0,0,0,0,0,0,0,0,0,0,0,
0,0,0,0,0,0,0,0,0,0,0,0,0,0,0,0,0,0,0,0,0,0,0,0,0,
0,0,0,0,0,0,0,0,0,0,0,0,0,0,0,0,0,0,0,0,0,0,0,0,0,
0,0,0,0,0,0,0,0,0,0,0,0,0,0,0,0,0,0,0,0,0,0,0,0,0,
0,0,0,0,0,0,0,0,0,0,0,0,0,0,0,0,0,0,0,0,0,0,0,0,0,
0,0,0,0,0,0,0,0,0,0,0,0,0,0,0,0,0,0,0,0,0,0,0,0,0,
0,0,0,0,0,0,0,0,0,0,0,0,0,0,0,0,0,0,0,0,0,0,0,0,0,
0,0,0,0,0,0,0,0,0,0,0,0,0,0,0,0,0,0,0,0,0,0,0,0,0,
0,0,0,0,0,0,0,0,0,0,0,0,0,0,0,0,0,0,0,0,0,0,0,0,0,
0,0,0,0,0,0,0,0,0,0,0,0,0,0,0,0,0,0,0,0,0,0,0,0,0,
0,0,0,0,0,0,0,0,0,0,0,0,0,0,0,0,0,0,0,0,0,0,0,0,0,
0,0,0,0,0,0,0,0,0,0,0,0,0,0,0,0,0,0,0,0,0,0,0,0,0,
0,0,0,0,0,0,0,0,0,0,0,0,0,0,0,0,0,0,0,0,0,0,0,0,0,
0,0,0,0,0,0,0,0,0,0,0,0,0,0,0,0,0,0,0,0,0,0,0,0,0,
0,0,0,0,0,0,0,0,0,0,0,0,0,0,0,0,0,0,0,0,0,0,0,0,0,
0,0,0,0,0,0,0,0,0,0,0,0,0,0,0,0,0,0,0,0,0,0,0,0,0,
0,0,0,0,0,0,0,0,0,0,0,0,0,0,0,0,0,0,0,0,0,0,0,0,0,
0,0,0,0,0,0,0,0,0,0,0,0,0,0,0,0,0,0,0,0,0,0,0,0,0,
0,0,0,0,0,0,0,0,0,0,0,0,0,0,0,0,0,0,0,0,0,0,0,0,0,
0,0,0,0,0,0,0,0,0,0,0,0,0,0,0,0,0,0,0,0,0,29,0,0,0,
0,0,0,0,0,0,0,0,0,0,0,0,0,0,0,0,0,0,0,0,0,0,0,0,0,
0,0,0,0,0,0,0,0,0,0,0,0,0,0,0,0,0,0,0,29,0,0,0,0,0,
0,0,0,0,0,0,0,0,0,0,0,0,0,0,0,0,0,29,0,0,0,0,0,0,0,
0,0,0,0,0,0,0,0,0,0,0,0,0,0,0,0,0,0,0,0,0,0,0,0,0,
0,0,0,0,0,0,0,0,0,0,0,0,0,0,0,0,0,0,0,0,0,0,0,0,0,
0,0,0,0,0,0,0,0,29,0,0,0,29,0,0,29,0,0,0,0,0,0,0,0,0,
0,0,0,0,0,0,0,0,0,0,0,0,0,0,0,0,0,0,0,0,0,0,0,0,0,
0,0,0,0,0,0,0,0,0,0,0,0,0,0,0,0,0,0,0,0,0,0,0,0,0,
0,0,0,0,0,0,0,0,0,0,0,0,0,0,0,0,0,0,0,0,0,0,0,0,0,
0,0,0,0,0,0,0,0,0,0,0,0,0,0,0,0,0,0,0,0,0,0,0,0,0,
0,0,0,0,0,0,0,0,0,0,0,0,0,0,0,0,0,0,0,0,0,0,0,0,0,
0,0,0,0,0,0,0,0,0,0,0,0,0,0,0,0,0,0,0,0,0,0,0,0,0,
0,0,0,0,0,0,0,0,0,0,0,0,0,0,0,0,0,0,0,0,0,0,0,0,0,
0,0,0,0,0,0,0,0,0,29,29,0,0,0,0,0,0,0,0,0,0,0,0,0,0,
0,0,0,0,0,0,0,0,29,29,0,0,0,0,0,0,0,0,0,0,0,0,0,0,0,
0,0,0,0,0,0,0,0,29,0,0,0,0,0,0,0,0,0,0,0,0,0,0,0,0,
0,0,0,0,0,0,0,0,0,0,0,0,0,0,0,0,0,0,0,0,0,0,0,0,0,
0,0,0,0,0,0,0,0,0,0,0,0,0,0,0,0,0,0,0,0,0,0,0,0,0,
0,0,0,0,0,0,0,0,0,0,0,0,0,0,0,0,0,0,0,0,0,0,0,0,0,
0,0,0,0,0,0,0,0,0,0,0,0,0,0,0,0,0,0,0,0,0,0,0,0,0,
0,0,0,0,0,0,0,0,0,0,0,0,29,0,0,0,0,0,0,0,0,0,0,0,0,
0,0,0,0,0,0,0,0,0,0,0,0,0,0,0,0,0,0,0,0,0,0,0,0,0,
0,0,0,0,0,0,0,29,0,0,0,0,0,0,0,0,0,0,0,0,0,0,0,0,0,
0,0,0,0,0,0,0,29,0,0,0,0,0,0,0,0,0,0,0,0,0,0,0,0,0,
0,0,0,0,0,0,0,0,0,0,0,0,0,0,0,0,0,0,0,0,0,0,0,0,0,
0,0,0,0,0,0,0,0,0,0,0,0,0,0,0,0,0,0,0,0,0,0,0,0,0,
0,0,0,0,0,0,0,0,0,0,0,0,0,0,0,0,0,0,0,0,0,0,0,0,0,
0,0,0,0,0,0,0,0,0,0,0,0,0,0,0,0,0,0,0,0,0,0,0,0,0,
0,0,0,0,0,0,0,0,0,0,0,0,0,0,0,0,0,0,0,0,0,0,0,0,0,
0,0,0,0,0,0,0,0,0,0,0,0,0,0,0,0,0,0,0,0,0,0,0,0,0,
0,0,0,0,0,0,0,0,0,0,0,0,0,0,0,0,0,0,0,0,0,0,0,0,0,
0,0,0,0,0,0,0,0,0,0,0,0,0,0,0,0,0,0,0,0,0,0,0,0,0,
0,0,0,0,0,0,0,0,0,0,0,0,0,0,0,0,0,0,0,0,0,0,0,0,0,
0,0,0,0,0,0,0,0,0,0,0,0,0,0,0,0,0,0,0,0,0,0,0,0,0,
0,0,0,0,0,0,0,0,0,0,0,0,0,0,0,0,0,0,0,0,0,0,0,0,0,
0,0,0,0,0,0,0,0,0,0,0,0,0,0,0,0,0,0,0,0,0,0,0,0,0,
0,0,0,0,0,0,0,0,0,0,0,0,0,0,0,0,0,0,0,0,0,0,0,0,0,
0,0,0,0,0,0,0,0,0,0,0,0,0,0,0,0,0,0,0,41,0,0,0,0,0,
0,0,0,0,0,0,0,0,0,0,0,0,0,0,0,0,0,0,0,0,0,0,0,0,0,
0,0,0,0,0,0,0,0,0,0,0,0,0,0,0,0,0,0,0,41,0,0,0,0,0,
0,0,0,0,0,0,0,0,0,0,0,0,0,0,0,0,0,0,0,0,0,0,0,0,0,
0,0,0,0,0,0,0,0,0,0,0,0,0,0,0,0,0,0,0,0,0,0,0,0,0,
0,0,0,0,0,0,0,0,0,0,0,0,0,0,0,0,0,0,0,0,0,0,0,0,0,
0,0,0,0,0,0,0,0,0,0,0,0,0,0,0,0,41,0,0,0,0,0,0,0,0,
0,0,0,0,0,0,0,0,0,0,0,0,0,0,0,0,41,0,0,0,0,0,0,0,0,
0,0,0,0,0,0,0,0,0,0,0,0,0,0,0,0,0,0,0,0,0,0,0,0,0,
0,0,0,0,0,0,0,0,0,0,0,0,0,0,0,0,0,0,0,0,0,0,0,0,0,
0,0,0,0,0,0,0,0,0,0,0,0,41,0,0,0,0,0,0,0,0,0,0,0,0,
0,0,0,0,0,0,0,0,0,0,0,0,41,0,0,0,0,0,0,0,0,0,0,0,0,
0,0,0,0,0,0,0,0,0,0,0,0,0,0,0,0,0,0,0,0,0,0,0,0,0,
0,0,0,0,0,0,0,0,0,0,0,0,0,0,0,0,0,0,0,0,0,0,0,0,0,
0,0,0,0,0,0,0,0,0,0,0,0,0,0,0,0,0,0,0,0,0,0,0,0,0,
0,0,0,0,0,0,0,0,0,0,0,0,0,0,0,0,0,0,0,0,0,0,0,0,0,
0,0,0,0,0,0,0,0,0,0,0,0,0,0,0,0,0,0,0,0,0,0,0,0,0,
0,0,0,0,0,0,0,0,0,0,0,0,0,0,0,0,0,0,0,0,0,0,0,0,0,
0,0,0,0,0,0,0,0,0,0,0,0,0,0,0,0,0,0,0,0,0,0,0,0,0,
0,0,0,21,0,0,0,0,0,0,0,0,0,0,0,0,0,0,0,0,0,0,0,0,0,
0,0,0,0,0,0,0,0,0,0,0,0,0,0,0,0,0,0,0,0,0,0,0,0,0,
0,0,0,0,0,0,0,0,0,0,0,0,0,0,0,0,0,0,0,0,0,0,0,0,0,
0,0,0,0,0,0,0,0,0,0,0,0,0,0,0,0,0,0,0,0,0,0,0,0,0,
0,0,0,0,0,0,0,0,0,0,0,0,0,0,0,0,0,0,0,0,0,0,29,29,0,
0,0,0,0,0,0,0,0,0,0,0,0,0,0,0,0,0,0,0,0,0,0,0,0,0,
0,0,0,0,0,0,0,0,0,0,0,0,0,0,0,0,0,0,0,0,0,0,0,0,0,
0,0,0,0,0,0,0,0,0,0,0,0,0,0,0,0,0,0,0,0,0,0,0,0,0,
0,0,0,0,0,0,0,0,0,0,0,0,0,0,0,0,0,0,0,0,0,0,0,0,0,
0,0,0,0,0,0,0,0,0,0,0,0,0,0,0,0,0,0,0,0,0,0,0,0,0,
0,0,0,0,0,0,0,0,0,0,0,0,0,0,0,0,0,0,0,0,0,0,0,0,0,
0,0,0,0,0,0,0,0,0,0,0,0,0,0,0,0,0,0,0,0,0,0,0,0,0,
0,0,0,0,0,0,0,0,0,0,0,0,0,0,0,0,0,0,0,0,0,0,0,0,0,
0,0,0,0,0,0,0,0,0,0,0,0,0,0,0,0,0,0,0,0,0,0,0,0,0,
0,0,0,0,0,0,0,0,0,0,0,0,0,0,0,0,0,0,0,0,0,0,0,0,0,
0,0,0,0,0,0,0,0,0,0,0,0,0,0,0,0,0,0,0,0,0,0,0,0,0,
0,0,0,0,0,0,0,0,0,0,0,0,0,0,0,0,0,0,0,0,0,0,0,0,0,
0,0,0,0,0,0,0,0,0,0,0,0,0,0,0,0,0,0,0,0,0,0,0,0,0,
0,0,0,0,0,0,0,0,0,0,0,0,0,0,0,0,0,0,0,0,0,0,0,0,0,
0,0,0,0,0,0,0,0,0,0,0,0,0,0,0,0,0,0,0,0,0,0,0,0,0,
0,0,0,0,0,0,0,0,0,0,0,0,0,0,0,0,0,0,0,0,0,0,0,0,0,
0,0,0,0,0,0,0,0,0,0,0,0,0,0,0,0,0,0,0,0,0,0,0,0,0,
0,0,0,0,0,0,0,0,0,0,0,0,0,0,0,0,0,0,0,0,0,0,0,0,0,
0,0,0,0,0,0,0,0,0,0,0,0,0,0,0,0,0,0,0,0,0,0,0,0,0,
0,0,29,0,0,0,0,0,0,0,0,0,0,0,0,0,0,0,0,0,0,0,0,0,0,
0,0,0,0,0,0,0,0,0,0,0,0,0,0,0,0,0,0,0,0,0,0,0,0,0,
0,0,0,0,0,0,0,0,0,0,0,0,0,0,0,0,0,0,0,0,0,0,0,0,0,
0,29,0,0,0,0,0,0,0,0,0,0,0,0,0,0,0,0,0,0,0,0,0,0,0,
0,0,0,0,0,0,0,0,0,0,0,0,0,0,0,0,0,0,0,0,0,0,0,0,0,
0,0,0,0,0,0,0,0,0,0,0,0,0,0,0,0,0,0,0,0,0,0,0,0,0,
0,0,29,0,0,0,0,0,0,0,0,0,0,0,0,0,0,0,0,0,0,0,0,0,0,
0,0,0,0,0,0,0,0,0,0,0,0,0,0,0,0,0,0,0,0,0,0,0,0,0,
0,0,0,0,0,0,0,0,0,0,0,0,0,0,0,0,0,0,0,0,0,0,0,0,0,
0,29,0,0,0,0,0,0,0,0,0,0,0,0,0,0,0,0,0,0,0,0,0,0,0,
0,0,0,0,0,0,0,0,0,0,0,0,0,0,0,0,0,0,0,0,0,0,0,0,0,
0,0,0,0,0,0,0,0,0,0,0,0,0,0,0,0,0,0,0,0,0,0,0,0,0,
0,0,0,0,0,0,0,0,0,0,0,0,0,0,0,0,0,0,0,0,0,0,0,0,0,
0,0,29,0,0,0,0,0,0,0,0,0,0,0,0,0,0,0,0,0,0,0,0,0,0,
0,0,0,0,0,0,0,0,0,0,0,0,0,0,0,0,0,0,0,0,0,0,0,0,0,
0,0,0,0,0,0,0,0,0,0,0,0,0,0,0,0,0,0,0,0,0,0,0,0,0,
0,0,0,0,0,0,0,0,0,0,0,0,0,0,0,0,0,0,0,0,0,0,0,0,0,
0,29,0,0,0,0,0,0,0,0,0,0,0,0,0,0,0,0,0,0,0,0,0,0,0,
0,0,0,0,0,0,0,0,0,0,0,0,0,0,0,0,0,0,0,0,0,0,0,0,0,
0,0,0,0,0,0,0,0,0,0,0,0,0,0,0,0,0,0,0,0,0,0,0,0,0,
0,0,29,0,0,0,0,0,0,0,0,0,0,0,0,0,0,0,0,0,0,0,0,0,0,
0,0,0,0,0,0,0,0,0,0,0,0,0,0,0,0,0,0,0,0,0,0,0,0,0,
0,0,0,0,0,0,0,0,0,0,0,0,0,0,0,0,0,0,0,0,0,0,0,0,0,
0,0,0,0,0,0,0,0,0,0,0,0,0,0,0,0,0,0,0,0,0,0,0,0,0,
0,29,0,0,0,0,0,0,0,0,0,0,0,0,0,0,0,0,0,0,0,0,0,0,0,
0,0,0,0,0,0,0,0,0,0,0,0,0,0,0,0,0,0,0,0,0,0,0,0,0,
0,0,0,0,0,0,0,0,0,0,0,0,0,0,0,0,0,0,0,0,0,0,0,0,0,
0,0,29,0,0,0,0,0,0,0,0,0,0,0,0,0,0,0,0,0,0,0,0,0,0,
0,0,0,0,0,0,0,0,0,0,0,0,0,0,0,0,0,0,0,0,0,0,0,0,0,
0,0,0,0,0,0,0,0,0,0,0,0,0,0,0,0,0,0,0,0,0,0,0,0,0,
0,0,30,0,0,0,0,0,0,0,0,0,0,0,0,0,0,0,0,0,0,0,0,0,0,
0,0,0,0,0,0,0,0,0,0,0,0,0,0,0,0,0,0,0,0,0,0,0,0,0,
0,0,0,0,0,0,0,0,0,0,0,0,0,0,0,0,0,0,0,0,0,0,0,0,0,
0,0,0,0,0,0,0,0,0,0,0,0,0,0,0,0,0,0,0,0,0,0,0,0,0,
0,0,0,0,0,0,0,0,0,0,0,0,0,0,0,0,0,0,0,0,0,0,0,0,0,
0,0,0,0,0,0,0,0,0,0,0,0,0,0,0,0,0,0,0,0,0,0,0,0,0

